5
4
6
10
12
11
11
9
6
10
10
4
8
4
4
9
5
54.657631
5
4
6
10
12
11
11
10
6
10
10
4
8
4
5
12
5
5
5
6
10
13
11
11
9
6
10
10
4
8
4
4
9
5
5
4
6
10
12
11
11
9
6
11
10
4
10
4
5
12
6
5
5
6
10
13
11
11
9
6
10
10
5
8
4
5
9
6
5
4
6
10
12
11
11
9
6
10
10
4
8
4
4
12
5
5
4
6
10
12
11
11
9
6
11
10
4
10
4
5
9
5
5
4
6
10
12
11
11
9
6
10
10
4
8
4
4
12
5
5
4
6
10
12
11
11
9
7
10
10
5
8
5
5
12
6
5
4
6
10
13
11
11
9
6
10
10
5
8
5
5
12
6
5
4
6
10
12
11
11
9
6
10
10
4
10
4
4
9
6
5
5
6
10
12
11
11
10
6
11
10
4
8
4
4
9
5
5
5
6
10
12
11
11
10
6
10
10
4
9
4
4
9
5
5
4
6
10
12
11
11
9
6
10
10
4
8
4
4
12
5
5
4
6
10
12
11
11
10
6
11
10
4
8
4
4
9
6
5
5
6
10
12
11
11
9
6
10
10
4
10
4
5
9
6
5
4
6
10
12
11
11
9
6
10
10
4
8
4
4
12
5
5
4
6
10
12
11
11
9
7
11
10
5
10
4
4
12
6
5
4
7
10
12
11
11
9
6
10
10
5
10
7
5
12
6
5
4
6
10
12
11
11
9
6
10
10
4
8
4
4
12
5
5
4
6
10
12
11
11
9
6
10
10
4
8
4
4
12
5
5
4
6
10
12
11
11
9
6
10
10
4
8
4
4
9
5
5
4
6
10
12
11
11
9
6
10
10
4
8
4
4
12
5
5
5
6
10
13
11
11
9
6
10
10
4
8
4
5
9
5
5
4
6
10
12
11
11
10
6
10
10
5
8
4
4
12
6
5
4
6
10
12
11
11
10
6
11
10
4
8
4
4
9
5
5
4
6
10
12
11
11
9
6
10
10
4
8
4
4
12
5
5
4
6
10
12
11
11
9
6
10
10
4
8
4
4
12
5
5
4
6
10
12
11
11
9
6
10
10
4
8
4
4
12
5
5
4
6
11
12
11
11
9
6
10
10
5
8
7
5
12
6
5
4
6
10
12
11
11
10
6
11
10
5
9
4
5
9
6
200
0
0.050000
0.001000
0
0
