0	47.433418
0	45.756706
1	49.789787
2	51.767895
3	52.839153
4	52.421974
5	52.395264
6	54.518208
7	55.370892
8	52.220024
9	52.024284
10	54.865154
11	48.576630
12	49.455261
13	48.419628
14	52.364098
15	52.768761
16	53.139496
17	52.952625
18	52.947357
19	51.212475
20	52.386391
21	52.806732
22	51.929340
23	51.735340
24	53.314392
25	52.409973
26	51.826057
27	51.654396
28	53.561760
29	52.758656
30	53.694843
31	52.495392
32	55.164764
33	52.617870
34	52.039104
35	51.276924
36	50.850391
37	52.452686
38	51.274315
39	51.477367
40	52.989521
41	50.754711
42	51.298363
43	51.871132
44	51.359417
45	54.624653
46	53.343681
47	51.195786
48	52.923817
49	52.072735
50	53.668365
51	50.911682
52	51.989552
53	53.552574
54	51.856739
55	51.884266
56	52.855843
57	52.269573
58	52.458153
59	51.530396
60	51.542896
61	52.876312
62	52.988335
63	52.726391
64	52.806835
65	53.008392
66	51.739899
67	52.780975
68	53.101818
69	53.707497
70	55.568207
71	51.318836
72	52.398834
73	52.538994
74	51.315369
75	51.660942
76	50.950420
77	52.246178
78	50.988686
79	51.789501
80	51.535767
81	52.703075
82	50.239651
83	53.996552
84	52.283924
85	54.140022
86	53.075714
87	53.933662
88	53.383656
89	52.480469
90	53.517578
91	52.433521
92	52.604626
93	52.050606
94	51.763603
95	52.545837
96	50.782207
97	53.175133
98	52.018024
99	50.228470
100	50.144974
101	51.664814
102	50.048290
103	51.975636
104	53.561077
105	51.247448
106	53.354626
107	54.055580
108	53.335030
109	51.853130
110	53.273262
111	54.110920
112	52.746265
113	51.878662
114	52.313210
115	51.361927
116	52.002239
117	51.455395
118	52.158184
119	51.826500
120	52.371208
121	53.177940
122	52.723499
123	54.063293
124	55.232372
125	52.593761
126	54.257580
127	53.627949
128	54.793873
129	53.235554
130	53.757416
131	53.950397
132	53.054604
133	54.025097
134	53.153393
135	52.628155
136	51.771950
137	51.321846
138	52.833366
139	53.468628
140	52.550896
141	51.901131
142	54.058319
143	52.786419
144	51.940971
145	51.458733
146	50.318291
147	50.671055
148	51.639606
149	52.171532
150	51.945423
151	52.154419
152	52.864708
153	52.025475
154	51.896736
155	52.669971
156	52.967815
157	50.931923
158	51.511974
159	51.211681
160	51.406578
161	50.190105
162	51.986164
163	50.282658
164	51.467968
165	52.908058
166	52.119446
167	52.625786
168	53.322823
169	51.418102
170	50.513031
171	51.277210
172	51.726025
173	54.264343
174	50.875526
175	50.997787
176	51.712788
177	51.060844
178	50.323498
179	51.425159
180	50.092659
181	50.848320
182	49.461975
183	50.896099
184	53.448601
185	52.540131
186	50.971340
187	53.667793
188	51.549843
189	52.668922
190	52.115864
191	50.663315
192	52.381237
193	51.312550
194	52.904869
195	52.882469
196	52.856606
197	52.936684
198	51.265423
199	52.332478
200	53.010521
201	53.613708
202	52.262367
203	51.694130
204	52.410870
205	52.061604
206	51.899078
207	51.579895
208	50.559578
209	52.273155
210	51.988445
211	51.231453
212	51.587372
213	50.557655
214	50.640945
215	50.512711
216	50.452370
217	50.367420
218	50.205238
219	50.986816
220	52.501732
221	50.882454
222	51.602154
223	51.931335
224	51.761028
225	51.190788
226	51.571312
227	52.434734
228	52.030235
229	52.175049
230	52.934288
231	52.570232
232	52.019630
233	51.697315
234	51.174339
235	50.974579
236	51.768841
237	50.397713
238	49.266922
239	50.343212
240	52.094349
241	50.567024
242	50.688263
243	51.821423
244	51.585838
245	50.322346
246	51.727394
247	50.918472
248	52.140053
249	52.654419
250	53.701447
251	51.609234
252	52.865791
253	50.709923
254	51.142422
255	52.308266
256	51.027737
257	52.001659
258	52.423920
259	52.444103
260	51.180790
261	52.641346
262	52.611340
263	51.827843
264	52.275261
265	50.993000
266	51.640083
267	51.518047
268	53.237915
269	51.855183
270	52.766499
271	53.287445
272	50.795029
273	52.226105
274	52.743786
275	52.351025
276	51.168686
277	51.236713
278	51.900551
279	51.444580
280	51.770924
281	49.993870
282	50.900368
283	50.550579
284	51.760742
285	52.037270
286	51.150581
287	53.140949
288	52.260338
289	51.759106
290	51.150871
291	50.954132
292	51.275368
293	50.579765
294	51.893372
295	50.897633
296	51.215313
297	50.821369
298	51.043053
299	50.304924
300	49.781368
301	53.216820
302	52.891003
303	52.718712
304	50.443687
305	52.275078
306	50.878632
307	51.608337
308	51.721291
309	50.798527
310	50.717316
311	53.083050
312	51.301003
313	51.094444
314	52.312447
315	51.463764
316	52.014057
317	52.939392
318	52.420788
319	51.960976
320	52.323425
321	51.594494
322	53.372681
323	49.868050
324	51.520313
325	51.356659
326	50.694054
327	51.596027
328	52.433525
329	52.254234
330	52.851501
331	52.205475
332	52.668388
333	50.558052
334	51.712658
335	50.946419
336	52.034344
337	51.639057
338	51.780659
339	53.092052
340	52.722443
341	51.986736
342	53.162975
343	52.662239
344	53.404419
345	53.147053
346	52.818993
347	51.162209
348	51.018425
349	51.200603
350	53.370338
351	52.309685
352	53.299339
353	51.422527
354	50.699425
355	52.341473
356	51.701080
357	51.129189
358	50.871635
359	53.248894
360	51.313580
361	50.773735
362	51.941578
363	51.789421
364	51.150921
365	51.858021
366	51.406239
367	51.520477
368	50.340691
369	51.079292
370	51.469524
371	51.924507
372	51.127819
373	52.215527
374	52.620842
375	51.246895
376	53.358295
377	51.150314
378	51.918556
379	51.150269
380	53.176735
381	55.685081
382	56.984474
383	57.466766
384	58.350502
385	59.301197
386	60.298187
387	58.575584
388	60.366753
389	59.784351
390	60.574699
391	61.961487
392	62.974110
393	62.380352
394	63.360268
395	62.821423
396	62.165260
397	61.969658
398	61.102867
399	61.163715
400	61.050842
401	60.962471
402	60.690479
403	61.319366
404	61.704285
405	61.976654
406	60.915844
407	61.103790
408	62.183342
409	62.177074
410	62.466949
411	61.829102
412	61.970287
413	62.598763
414	61.988415
415	62.494812
416	62.166466
417	61.721893
418	61.383492
419	61.508362
420	60.588917
421	60.998108
422	62.192707
423	62.220650
424	62.136280
425	61.835022
426	62.051228
427	61.542000
428	61.468708
429	61.701202
430	63.010418
431	61.640942
432	61.918072
433	62.023125
434	62.106651
435	61.707520
436	61.737183
437	62.246632
438	62.042992
439	61.268414
440	60.747314
441	60.593681
442	60.348888
443	62.134022
444	62.384743
445	61.668995
446	61.297493
447	61.083679
448	62.030182
449	61.958576
450	61.834206
451	62.672832
452	61.176949
453	60.984123
454	61.220654
455	61.546364
456	61.080681
457	61.104626
458	61.165733
459	61.884228
460	59.697521
461	60.966469
462	60.506416
463	60.995472
464	61.431835
465	62.409424
466	62.251701
467	61.649891
468	62.204491
469	62.707989
470	62.214256
471	62.872417
472	62.565784
473	62.460152
474	61.329601
475	62.530121
476	62.431023
477	63.019703
478	61.770672
479	61.511261
480	60.852051
481	60.536945
482	60.427685
483	61.384315
484	62.002235
485	60.270924
486	60.878895
487	60.928368
488	61.224232
489	62.039864
490	61.274525
491	62.109913
492	61.820820
493	61.934967
494	61.168762
495	60.859100
496	61.869518
497	60.820473
498	61.148064
499	61.230339
500	60.699150
501	60.909657
502	62.092865
503	61.515186
504	62.468182
505	62.198547
506	60.578339
507	62.133312
508	61.413525
509	60.745522
510	62.133553
511	61.918236
512	61.913002
513	61.563446
514	61.363659
515	61.726307
516	61.519890
517	62.495018
518	60.814796
519	61.820812
520	60.497551
521	61.427147
522	61.790813
523	61.981159
524	60.790894
525	62.253918
526	62.230446
527	62.092201
528	61.133575
529	62.155731
530	62.221233
531	62.066967
532	62.430889
533	62.192360
534	62.842018
535	62.847496
536	62.597332
537	62.391045
538	62.141594
539	62.745411
540	61.830261
541	60.983265
542	61.512604
543	61.473473
544	61.499889
545	61.176994
546	61.797474
547	60.611340
548	60.970814
549	60.872314
550	61.430229
551	61.956627
552	61.556103
553	62.516548
554	61.408577
555	62.070839
556	62.033783
557	60.636158
558	62.683544
559	61.999542
560	60.745464
561	61.376476
562	61.749786
563	62.313072
564	61.834625
565	62.437176
566	61.880547
567	62.016205
568	62.694916
569	61.931072
570	61.390289
571	61.466442
572	61.744526
573	61.208080
574	61.162285
575	61.962940
576	61.851727
577	61.805206
578	61.625629
579	61.658760
580	60.195839
581	61.970337
582	62.286549
583	62.264099
584	62.154022
585	62.193153
586	62.131786
587	62.203125
588	62.079967
589	62.438545
590	61.625496
591	61.801735
592	62.115410
593	62.339672
594	62.269287
595	62.871880
596	61.943653
597	61.955940
598	61.266285
599	62.420025
600	62.147591
601	61.064575
602	61.577808
603	61.922436
604	61.330097
605	62.113251
606	62.329826
607	61.361809
608	61.695148
609	62.118858
610	62.021790
611	61.656055
612	63.096973
613	62.317963
614	61.912178
615	61.970757
616	62.392620
617	62.603729
618	63.150410
619	61.287445
620	62.060444
621	60.942963
622	61.864464
623	62.828991
624	62.672569
625	62.426094
626	61.968128
627	62.389885
628	62.411266
629	62.083069
630	61.683887
631	61.925232
632	60.664680
633	62.129070
634	62.325123
635	61.773937
636	61.647514
637	61.743916
638	62.195171
639	60.586842
640	60.692970
641	60.570179
642	61.649788
643	61.985340
644	62.666679
645	62.747833
646	62.592724
647	62.080048
648	62.227619
649	61.847038
650	61.391491
651	61.995758
652	62.429352
653	61.603569
654	62.061390
655	62.392174
656	61.533020
657	61.959045
658	61.747383
659	61.627571
660	61.435230
661	61.198071
662	60.225464
663	61.469494
664	60.763630
665	61.352730
666	62.039124
667	61.068016
668	60.859016
669	61.301964
670	61.774048
671	62.268623
672	61.865650
673	61.951313
674	62.184650
675	61.277130
676	61.853676
677	61.698151
678	61.890015
679	61.806152
680	60.618328
681	59.695366
682	59.973419
683	61.234966
684	61.210125
685	61.020123
686	61.698509
687	61.694313
688	61.552330
689	61.222099
690	60.935944
691	62.260548
692	61.900200
693	61.105175
694	61.340038
695	61.605957
696	62.052887
697	61.211906
698	61.158833
699	60.900520
700	61.076641
701	60.220592
702	60.723064
703	60.904594
704	61.600838
705	61.573559
706	61.441277
707	61.306145
708	61.294178
709	61.339600
710	61.225281
711	61.488354
712	61.676563
713	60.965492
714	61.002277
715	61.831963
716	61.392071
717	61.145439
718	61.158409
719	61.568336
720	59.025391
721	60.097706
722	61.327415
723	61.428261
724	60.655151
725	61.107307
726	60.954048
727	61.971619
728	61.322865
729	60.790649
730	61.227119
731	61.426838
732	61.673836
733	61.358887
734	61.369148
735	61.784649
736	62.322517
737	62.075623
738	60.041229
739	62.311913
740	59.111572
741	59.850700
742	59.846203
743	61.137810
744	61.626228
745	62.159252
746	61.602886
747	61.521996
748	61.332691
749	60.691467
750	61.598408
751	61.701569
752	61.948700
753	61.372150
754	61.849297
755	61.502125
756	61.192116
757	61.196861
758	61.204048
759	61.276814
760	59.433674
761	60.155334
762	61.030762
763	61.997540
764	60.629436
765	61.475517
766	60.490578
767	61.475090
768	61.481049
769	60.721626
770	60.674652
771	61.243080
772	60.717335
773	61.331490
774	61.132729
775	60.491333
776	61.008617
777	61.090729
778	61.070545
779	60.843121
780	59.924812
781	61.014595
782	60.945618
783	60.684490
784	60.920860
785	60.957073
786	61.319023
787	61.659706
788	61.212891
789	62.020672
790	61.659149
791	61.626934
792	60.948830
793	61.037853
794	61.733330
795	61.553101
796	61.100811
797	61.540855
798	61.115856
799	60.916889
800	59.967751
801	60.191895
802	60.811806
803	61.560760
804	61.688854
805	62.149574
806	62.161907
807	62.124359
808	62.099098
809	61.707909
810	61.640736
811	61.816673
812	61.147285
813	61.997200
814	62.438148
815	62.075066
816	62.171803
817	60.944782
818	61.680279
819	61.815746
820	59.466103
821	60.576782
822	61.159565
823	60.726360
824	61.629700
825	62.072620
826	61.281147
827	61.692097
828	61.448647
829	61.555805
830	61.406860
831	61.676277
832	60.830128
833	61.354443
834	62.214088
835	61.627541
836	61.685009
837	62.174011
838	61.488495
839	61.787025
840	60.352196
841	60.691833
842	60.991524
843	61.497276
844	62.129784
845	61.432648
846	61.165966
847	61.023701
848	61.076073
849	61.500359
850	61.093407
851	61.179779
852	60.894855
853	61.348000
854	60.454895
855	60.724018
856	60.596413
857	61.026783
858	61.006855
859	61.441933
860	59.713203
861	61.003960
862	61.702412
863	62.076988
864	62.349415
865	61.351799
866	62.179756
867	61.689323
868	61.238625
869	61.221333
870	61.195992
871	61.898357
872	61.152992
873	61.157368
874	61.445778
875	60.909863
876	61.126545
877	61.425098
878	60.878357
879	60.585468
880	58.960835
881	60.091805
882	60.188129
883	60.558441
884	60.465260
885	60.724709
886	61.633514
887	61.532890
888	62.145306
889	61.728619
890	61.032784
891	62.010590
892	62.098961
893	62.267281
894	61.307777
895	61.355255
896	61.078968
897	61.374676
898	60.090019
899	60.760731
900	59.636311
901	60.034859
902	60.306282
903	61.600807
904	61.711964
905	61.284119
906	60.592812
907	61.444519
908	61.066414
909	61.730724
910	61.280987
911	61.055286
912	60.765358
913	61.212837
914	61.058281
915	61.178467
916	61.634937
917	61.122276
918	62.318123
919	61.445881
920	60.015808
921	60.939812
922	62.122009
923	61.733704
924	61.297935
925	60.539074
926	60.773460
927	61.611626
928	61.454437
929	60.643646
930	60.898232
931	61.621021
932	61.897572
933	61.468620
934	62.015911
935	61.446831
936	61.304176
937	61.497173
938	60.952995
939	61.158180
940	59.296814
941	61.144417
942	61.847725
943	60.784496
944	61.396729
945	62.098286
946	61.427227
947	61.563892
948	61.852203
949	61.553894
950	60.924091
951	61.746624
952	62.291359
953	62.112938
954	61.535858
955	61.653961
956	61.219776
957	62.169750
958	62.540649
959	61.292042
960	60.023144
961	60.259865
962	60.629066
963	61.801281
964	61.710808
965	62.054066
966	61.296570
967	61.277782
968	60.829071
969	60.903069
970	61.156780
971	61.186592
972	61.238411
973	61.028198
974	61.447601
975	60.497627
976	60.943153
977	60.267731
978	60.511494
979	60.568909
980	59.801949
981	59.670990
982	61.065968
983	61.053734
984	61.577385
985	61.589386
986	61.928570
987	61.521942
988	61.678173
989	61.963726
990	61.366676
991	62.028831
992	61.301228
993	60.587463
994	61.970619
995	62.105804
996	61.545097
997	62.295704
998	61.578590
999	62.740349
1000	62.733223
1000	62.733223
1000	61.121540
1001	59.340210
1002	60.986206
1003	61.177807
1004	61.579811
1005	61.295624
1006	61.786308
1007	62.034569
1008	60.693550
1009	62.270618
1010	62.314140
1011	62.346172
1012	62.273232
1013	62.606590
1014	61.475330
1015	61.511547
1016	61.041786
1017	61.470989
1018	61.085072
1019	61.700542
1020	60.825520
1021	60.716576
1022	61.887463
1023	61.922386
1024	61.765514
1025	61.631336
1026	61.878754
1027	61.932800
1028	61.677776
1029	61.683910
1030	62.224457
1031	61.636669
1032	61.680016
1033	61.325096
1034	61.599693
1035	61.792797
1036	61.846539
1037	61.318592
1038	60.848488
1039	61.646706
1040	60.678436
1041	60.870178
1042	60.875774
1043	60.830833
1044	60.987225
1045	60.979256
1046	60.720650
1047	61.106361
1048	60.653435
1049	60.599434
1050	61.561432
1051	61.163330
1052	61.196129
1053	61.905357
1054	62.594124
1055	62.713806
1056	61.640881
1057	61.753883
1058	61.381416
1059	61.539062
1060	60.191700
1061	60.691307
1062	61.341938
1063	62.334229
1064	62.062153
1065	60.846672
1066	61.661022
1067	61.112499
1068	60.843178
1069	61.074413
1070	61.229286
1071	61.622993
1072	60.658287
1073	60.733814
1074	60.687469
1075	61.316643
1076	61.171227
1077	61.954018
1078	60.636650
1079	61.291096
1080	60.163250
1081	60.752209
1082	61.018391
1083	61.405987
1084	61.867565
1085	61.204224
1086	62.426430
1087	61.496147
1088	62.157379
1089	61.605019
1090	61.711067
1091	61.446602
1092	62.413719
1093	62.176067
1094	61.421070
1095	62.086281
1096	60.914757
1097	61.555042
1098	61.375488
1099	62.106701
1100	61.698112
1101	60.679359
1102	61.550911
1103	61.127625
1104	62.049755
1105	61.690514
1106	60.580231
1107	61.872681
1108	61.693226
1109	61.436989
1110	60.861359
1111	60.856148
1112	61.222496
1113	62.346275
1114	62.076393
1115	61.216675
1116	61.177837
1117	60.855518
1118	61.286671
1119	61.400841
1120	59.019066
1121	61.270519
1122	60.227959
1123	61.222466
1124	61.410717
1125	61.396118
1126	62.220165
1127	61.866493
1128	61.581676
1129	62.155174
1130	61.330200
1131	61.261860
1132	61.047142
1133	61.680908
1134	61.305855
1135	61.140411
1136	60.914131
1137	61.099335
1138	60.942406
1139	60.345863
1140	59.201996
1141	60.898174
1142	62.292198
1143	61.550995
1144	61.892254
1145	61.284412
1146	60.719673
1147	60.186573
1148	60.517097
1149	61.085705
1150	61.562305
1151	61.719990
1152	61.136986
1153	61.427601
1154	60.886097
1155	61.752014
1156	60.959881
1157	60.869942
1158	61.111412
1159	61.792175
1160	59.852123
1161	61.637047
1162	60.304577
1163	61.371410
1164	60.695259
1165	61.451286
1166	61.138329
1167	61.999413
1168	62.592072
1169	61.918041
1170	62.384277
1171	60.807568
1172	60.776539
1173	61.101440
1174	61.539467
1175	62.089752
1176	61.010071
1177	61.236626
1178	61.196022
1179	61.516411
1180	61.308880
1181	61.043568
1182	62.144432
1183	61.572754
1184	61.230095
1185	61.285255
1186	61.791515
1187	61.570679
1188	62.241180
1189	61.152760
1190	61.756237
1191	61.799389
1192	61.259254
1193	61.560284
1194	61.347778
1195	60.125389
1196	60.533363
1197	61.303123
1198	60.996235
1199	61.851910
1200	60.376259
1201	60.727070
1202	61.051289
1203	60.977119
1204	60.970234
1205	61.529182
1206	60.595757
1207	60.819862
1208	60.873646
1209	61.025654
1210	61.006310
1211	61.048595
1212	61.379650
1213	61.062336
1214	61.507519
1215	61.069618
1216	61.888226
1217	61.606148
1218	61.622437
1219	60.790260
1220	59.820808
1221	60.922646
1222	61.310493
1223	60.840282
1224	61.932304
1225	62.542805
1226	61.688759
1227	61.225151
1228	61.047302
1229	61.456249
1230	61.045753
1231	61.923882
1232	61.283546
1233	60.748833
1234	61.090706
1235	61.046650
1236	60.899048
1237	61.979256
1238	62.583385
1239	61.971935
1240	60.674335
1241	60.314941
1242	61.500050
1243	61.212250
1244	60.817360
1245	60.633339
1246	61.120495
1247	61.262520
1248	61.630512
1249	61.653362
1250	61.904228
1251	62.150887
1252	62.451252
1253	62.402092
1254	61.920094
1255	61.976704
1256	61.876274
1257	61.915833
1258	62.356281
1259	61.279594
1260	60.304451
1261	61.270020
1262	61.684307
1263	62.076729
1264	61.338409
1265	61.455040
1266	61.737541
1267	61.766651
1268	61.881462
1269	62.368202
1270	61.150856
1271	62.447041
1272	61.779701
1273	61.164673
1274	61.622936
1275	61.231178
1276	61.824516
1277	62.147438
1278	61.696880
1279	61.384937
1280	59.253777
1281	60.659546
1282	60.085518
1283	61.159569
1284	61.261757
1285	61.550068
1286	61.657013
1287	61.509014
1288	61.463470
1289	61.954826
1290	62.449471
1291	62.296806
1292	62.061939
1293	61.855309
1294	62.155098
1295	62.777863
1296	61.251678
1297	61.607838
1298	61.536446
1299	61.633888
1300	59.806732
1301	61.082924
1302	60.145416
1303	61.173759
1304	61.767040
1305	61.229656
1306	61.799755
1307	61.481445
1308	61.316650
1309	60.974476
1310	61.580383
1311	60.797077
1312	61.732948
1313	61.908520
1314	61.512001
1315	60.752239
1316	61.460388
1317	60.414600
1318	61.912544
1319	60.921722
1320	60.825550
1321	62.017181
1322	61.288288
1323	61.931145
1324	61.373100
1325	61.371681
1326	61.528179
1327	61.036976
1328	61.009418
1329	60.618156
1330	61.266499
1331	62.190918
1332	60.912468
1333	61.293205
1334	60.494530
1335	60.791817
1336	60.652546
1337	61.084209
1338	61.014843
1339	61.301994
1340	60.509411
1341	61.064156
1342	61.419415
1343	61.570312
1344	61.629997
1345	62.226814
1346	61.981133
1347	61.097130
1348	60.564262
1349	61.223625
1350	60.815071
1351	61.141609
1352	60.561420
1353	61.154762
1354	61.159706
1355	62.138512
1356	61.542572
1357	61.458153
1358	61.664074
1359	61.901680
1360	61.464367
1361	60.524548
1362	61.736023
1363	61.488781
1364	61.310181
1365	61.620258
1366	61.641541
1367	61.078228
1368	62.216286
1369	61.628387
1370	62.144917
1371	62.326073
1372	61.397926
1373	60.969341
1374	61.170544
1375	61.297802
1376	60.985706
1377	61.091717
1378	61.449486
1379	60.973938
1380	59.650948
1381	60.697865
1382	61.407936
1383	60.843678
1384	61.377075
1385	61.436462
1386	61.042763
1387	61.346313
1388	61.206310
1389	61.337238
1390	60.964417
1391	60.593525
1392	61.450104
1393	60.215233
1394	61.549126
1395	60.516705
1396	60.946503
1397	60.081371
1398	60.397259
1399	60.350922
1400	58.767414
1401	59.697449
1402	60.204369
1403	60.836098
1404	62.140678
1405	61.861732
1406	60.675499
1407	61.708782
1408	61.271782
1409	61.110889
1410	61.161968
1411	61.614838
1412	61.730022
1413	61.379810
1414	61.879517
1415	61.396202
1416	62.169258
1417	61.197937
1418	60.825603
1419	61.637024
1420	60.335991
1421	60.611816
1422	60.541328
1423	61.061390
1424	61.759045
1425	61.759949
1426	61.319130
1427	61.949524
1428	61.785736
1429	62.136284
1430	61.697369
1431	61.890076
1432	62.296021
1433	62.302155
1434	61.393547
1435	61.947449
1436	61.214996
1437	61.653160
1438	61.597912
1439	61.359764
1440	59.516705
1441	60.524834
1442	61.931366
1443	61.293865
1444	60.937599
1445	61.116417
1446	61.331684
1447	61.176178
1448	62.038918
1449	61.853680
1450	61.900524
1451	62.283760
1452	61.597603
1453	62.757011
1454	60.574127
1455	61.264202
1456	60.817547
1457	60.428173
1458	60.616047
1459	61.056335
1460	60.417236
1461	59.923126
1462	60.418571
1463	61.464073
1464	61.695686
1465	61.168739
1466	60.289440
1467	60.789684
1468	60.969288
1469	60.116234
1470	61.326893
1471	60.974365
1472	60.852684
1473	61.280571
1474	60.758892
1475	61.478813
1476	61.234783
1477	61.449989
1478	61.091785
1479	60.860023
1480	59.597206
1481	61.335674
1482	61.326378
1483	62.289345
1484	62.280415
1485	61.897705
1486	61.892097
1487	60.790367
1488	60.960793
1489	61.295784
1490	60.960896
1491	61.524364
1492	61.844360
1493	61.021759
1494	61.253838
1495	62.302814
1496	62.029259
1497	62.246735
1498	62.277863
1499	62.047157
1500	60.947277
1501	61.470917
1502	59.917076
1503	61.759228
1504	61.138939
1505	61.311531
1506	61.199684
1507	60.889599
1508	59.672188
1509	60.508179
1510	61.391258
1511	60.629498
1512	62.019154
1513	60.833160
1514	60.887127
1515	61.147865
1516	60.601128
1517	61.560783
1518	61.079842
1519	60.548840
1520	59.232105
1521	59.182365
1522	59.303936
1523	60.417816
1524	59.808949
1525	60.690052
1526	60.859997
1527	60.932629
1528	61.303284
1529	62.045990
1530	62.109520
1531	61.518574
1532	61.342937
1533	61.528526
1534	61.328941
1535	61.470520
1536	61.543549
1537	61.338184
1538	61.911602
1539	61.081841
1540	60.162708
1541	60.755943
1542	61.113258
1543	61.442028
1544	62.323341
1545	61.125099
1546	61.953785
1547	61.316109
1548	61.184521
1549	61.024921
1550	60.244446
1551	60.879833
1552	60.303162
1553	60.197395
1554	60.925865
1555	60.488373
1556	60.739571
1557	61.368549
1558	61.105572
1559	62.053993
1560	61.083942
1561	60.838573
1562	61.170311
1563	62.076439
1564	62.446697
1565	60.967049
1566	61.055779
1567	61.230206
1568	61.658577
1569	61.272808
1570	61.508575
1571	61.968781
1572	61.740654
1573	62.104149
1574	61.088123
1575	61.191833
1576	61.108807
1577	61.194153
1578	61.174519
1579	61.694908
1580	60.655762
1581	61.587994
1582	61.654991
1583	61.600288
1584	62.336102
1585	61.484047
1586	61.117310
1587	62.154022
1588	62.094646
1589	62.107677
1590	62.103069
1591	61.616158
1592	61.139709
1593	62.040173
1594	62.182178
1595	62.183044
1596	61.889732
1597	61.025627
1598	60.686604
1599	60.990101
1600	60.513496
1601	60.573864
1602	60.845417
1603	61.017784
1604	61.956177
1605	61.385265
1606	60.881500
1607	61.317841
1608	62.068317
1609	61.702595
1610	62.261181
1611	61.961128
1612	62.159676
1613	61.922199
1614	61.150597
1615	60.752419
1616	60.647755
1617	61.072735
1618	61.647522
1619	61.223396
1620	60.039837
1621	59.659996
1622	60.855469
1623	61.532887
1624	61.305126
1625	60.901711
1626	60.643181
1627	61.496147
1628	60.659466
1629	60.594002
1630	61.271099
1631	61.616405
1632	62.415916
1633	61.103466
1634	61.568501
1635	61.421947
1636	61.624336
1637	60.961597
1638	61.485943
1639	61.210945
1640	59.679577
1641	60.786694
1642	61.478935
1643	62.286652
1644	61.635021
1645	61.419910
1646	61.736992
1647	61.606495
1648	61.800121
1649	61.045757
1650	61.370972
1651	60.699837
1652	61.235313
1653	61.252575
1654	61.480682
1655	60.476074
1656	61.129841
1657	61.235497
1658	60.996468
1659	61.155895
1660	60.147095
1661	59.467094
1662	61.397869
1663	61.671043
1664	61.742207
1665	61.391315
1666	61.562866
1667	61.918541
1668	61.556995
1669	61.564594
1670	61.158730
1671	60.747444
1672	61.403393
1673	61.656841
1674	61.643200
1675	61.793201
1676	61.719597
1677	61.813652
1678	61.800129
1679	61.719574
1680	60.208153
1681	61.268639
1682	60.769154
1683	60.835155
1684	61.946388
1685	61.504292
1686	61.072948
1687	61.260387
1688	61.287285
1689	61.564465
1690	61.610466
1691	61.546864
1692	61.704388
1693	60.937096
1694	61.399101
1695	61.365204
1696	61.655891
1697	61.512993
1698	61.094494
1699	62.337097
1700	60.265575
1701	60.695423
1702	62.431023
1703	61.632965
1704	61.547356
1705	61.144726
1706	60.678886
1707	61.729919
1708	60.181580
1709	61.104443
1710	61.123363
1711	60.875519
1712	61.095654
1713	61.392525
1714	61.871258
1715	60.205311
1716	61.031200
1717	61.671154
1718	61.892731
1719	61.944832
1720	60.765911
1721	60.741127
1722	60.980415
1723	61.869102
1724	61.697460
1725	61.044312
1726	60.586761
1727	61.095551
1728	61.042267
1729	61.671284
1730	60.625130
1731	61.336872
1732	61.219860
1733	61.024342
1734	61.238625
1735	62.359180
1736	61.926445
1737	61.363258
1738	61.218315
1739	61.150074
1740	59.111816
1741	60.234154
1742	60.638390
1743	61.115887
1744	60.912758
1745	61.686653
1746	61.370941
1747	61.607502
1748	61.340260
1749	61.079071
1750	60.498833
1751	61.092659
1752	61.528404
1753	61.539650
1754	61.514545
1755	61.625965
1756	61.254051
1757	60.737629
1758	61.525837
1759	61.746227
1760	59.389973
1761	60.513153
1762	61.509010
1763	61.562183
1764	61.048603
1765	60.879475
1766	61.187889
1767	61.148785
1768	61.546028
1769	61.339050
1770	61.334473
1771	60.888580
1772	60.672680
1773	61.444862
1774	60.743073
1775	61.294518
1776	61.677147
1777	60.338234
1778	60.559734
1779	61.059254
1780	60.857506
1781	59.212524
1782	60.090149
1783	61.320843
1784	61.755806
1785	61.783863
1786	61.192024
1787	61.784721
1788	61.273521
1789	61.637016
1790	61.145996
1791	61.242470
1792	61.366707
1793	61.292595
1794	61.197094
1795	61.334045
1796	60.893501
1797	60.797493
1798	60.899731
1799	61.590919
1800	61.314098
1801	60.109108
1802	61.995892
1803	60.830261
1804	61.431152
1805	61.068787
1806	60.143105
1807	61.601288
1808	61.049572
1809	61.495781
1810	61.476971
1811	61.719765
1812	61.595997
1813	61.148785
1814	60.984520
1815	61.597023
1816	61.868023
1817	61.958813
1818	60.645233
1819	61.478474
1820	60.738605
1821	61.716469
1822	60.853577
1823	61.968945
1824	61.537811
1825	61.099602
1826	62.126549
1827	62.461098
1828	62.242149
1829	61.753967
1830	61.662579
1831	61.257973
1832	62.622231
1833	61.712944
1834	61.915703
1835	61.973366
1836	61.334362
1837	61.242664
1838	60.473083
1839	60.749157
1840	61.457680
1841	61.213280
1842	61.589622
1843	61.076313
1844	60.240704
1845	60.802814
1846	60.290497
1847	60.916573
1848	60.843578
1849	61.062996
1850	60.910393
1851	60.633766
1852	61.214600
1853	60.780525
1854	61.423023
1855	62.070576
1856	61.832314
1857	61.750263
1858	62.057598
1859	61.982300
1860	60.845837
1861	60.370472
1862	60.557598
1863	61.180683
1864	61.903919
1865	61.189232
1866	61.677807
1867	61.696766
1868	61.858631
1869	61.840679
1870	60.804863
1871	61.502205
1872	62.243916
1873	61.277416
1874	61.737682
1875	62.084618
1876	61.241203
1877	61.238392
1878	61.831047
1879	60.963837
1880	60.155945
1881	60.662312
1882	60.313000
1883	61.328285
1884	60.957520
1885	61.584339
1886	61.309731
1887	60.802574
1888	60.347919
1889	61.063313
1890	60.367180
1891	61.543995
1892	59.938133
1893	61.063026
1894	61.392708
1895	60.264923
1896	61.873943
1897	61.994499
1898	61.700676
1899	61.342491
1900	60.848991
1901	61.062439
1902	61.851860
1903	61.312630
1904	61.598175
1905	61.211811
1906	61.619072
1907	61.256756
1908	61.689919
1909	61.710125
1910	61.235970
1911	61.513103
1912	60.525970
1913	61.418018
1914	61.149651
1915	60.954048
1916	60.351341
1917	61.009102
1918	60.863209
1919	60.926758
1920	58.144024
1921	61.237885
1922	61.614708
1923	61.220814
1924	61.240997
1925	60.684212
1926	61.354420
1927	61.780384
1928	61.145912
1929	60.820976
1930	60.217072
1931	62.222496
1932	62.145649
1933	60.858154
1934	60.917732
1935	61.220417
1936	61.449120
1937	61.691784
1938	60.989685
1939	61.960888
1940	59.904102
1941	60.356342
1942	60.300575
1943	60.617104
1944	61.961891
1945	61.285362
1946	60.916260
1947	60.424446
1948	61.258392
1949	61.165497
1950	62.402550
1951	62.002941
1952	61.322968
1953	61.040154
1954	61.491016
1955	61.598442
1956	61.443626
1957	61.294579
1958	61.670837
1959	61.368523
1960	60.525890
1961	60.853920
1962	62.038940
1963	61.399761
1964	60.856781
1965	61.052155
1966	61.642498
1967	60.968922
1968	61.035736
1969	61.093208
1970	61.147289
1971	61.457916
1972	61.281898
1973	61.000683
1974	60.664131
1975	61.564735
1976	61.392426
1977	60.940681
1978	60.776550
1979	61.362286
1980	60.038788
1981	60.589947
1982	60.256836
1983	62.050026
1984	61.791553
1985	61.634624
1986	61.707207
1987	61.779102
1988	61.181389
1989	61.366707
1990	61.353832
1991	61.371857
1992	61.289257
1993	61.506813
1994	61.297230
1995	60.783966
1996	61.064312
1997	60.490234
1998	61.519836
1999	61.349541
2000	61.383656
2000	59.944103
2001	60.039021
2002	61.313499
2003	61.193047
2004	61.369759
2005	61.261024
2006	61.287159
2007	60.073555
2008	61.343544
2009	61.172920
2010	61.444630
2011	62.158520
2012	61.867596
2013	62.034752
2014	61.010101
2015	61.654919
2016	62.060913
2017	61.313892
2018	61.732948
2019	61.067230
2020	59.989891
2021	60.524548
2022	60.480888
2023	61.252449
2024	61.853077
2025	61.709076
2026	61.797680
2027	61.715809
2028	61.135124
2029	61.424866
2030	60.832733
2031	61.023155
2032	60.819176
2033	61.320362
2034	61.958702
2035	60.999046
2036	61.922729
2037	61.957947
2038	61.161079
2039	61.185760
2040	60.149788
2041	60.410896
2042	60.757336
2043	60.802864
2044	61.175781
2045	61.519234
2046	60.783211
2047	60.831810
2048	61.454704
2049	61.644341
2050	61.612316
2051	61.783791
2052	61.977196
2053	62.015892
2054	61.477440
2055	61.403126
2056	61.599621
2057	61.410961
2058	61.541832
2059	61.551170
2060	60.071236
2061	61.565624
2062	60.975262
2063	62.747093
2064	62.252403
2065	62.552246
2066	61.799183
2067	62.027122
2068	62.400230
2069	62.095764
2070	61.704628
2071	62.038307
2072	61.542175
2073	61.891045
2074	62.030914
2075	61.114361
2076	61.839466
2077	61.195518
2078	61.036705
2079	61.473022
2080	60.887421
2081	61.009254
2082	61.651653
2083	61.854149
2084	61.414345
2085	61.477581
2086	60.619576
2087	61.577965
2088	61.562756
2089	61.463154
2090	61.446045
2091	61.589653
2092	60.362976
2093	61.047523
2094	61.740837
2095	61.045887
2096	61.283470
2097	60.700123
2098	61.083050
2099	61.439232
2100	60.474072
2101	60.280022
2102	60.574547
2103	60.380890
2104	61.585865
2105	61.285103
2106	61.393707
2107	60.605366
2108	60.844654
2109	60.317657
2110	61.013550
2111	61.002464
2112	61.840050
2113	62.015759
2114	61.929993
2115	61.318947
2116	61.579048
2117	61.050732
2118	62.277599
2119	62.015526
2120	59.587940
2121	60.341022
2122	60.827312
2123	61.216858
2124	61.816204
2125	60.986523
2126	61.131844
2127	61.214783
2128	60.602074
2129	61.974884
2130	61.986309
2131	61.895943
2132	62.012012
2133	61.150707
2134	61.093891
2135	60.763947
2136	61.121685
2137	61.141388
2138	61.819019
2139	61.355602
2140	61.000206
2141	60.722736
2142	60.788597
2143	61.403442
2144	62.225391
2145	61.269020
2146	61.305309
2147	61.138599
2148	60.249706
2149	60.982201
2150	61.677784
2151	60.820107
2152	60.938789
2153	61.188469
2154	60.939705
2155	60.714211
2156	61.391865
2157	62.387310
2158	61.595390
2159	61.993946
2160	60.391125
2161	59.471790
2162	60.082233
2163	61.549286
2164	61.230602
2165	61.117626
2166	60.485634
2167	61.450867
2168	61.649963
2169	61.474762
2170	60.784943
2171	61.228130
2172	61.707336
2173	61.675343
2174	61.160652
2175	60.980785
2176	60.357319
2177	60.338421
2178	60.317055
2179	60.441109
2180	59.496582
2181	60.816620
2182	60.357918
2183	61.202446
2184	61.066841
2185	61.250946
2186	60.952888
2187	62.419861
2188	61.848682
2189	61.481026
2190	60.789288
2191	61.697624
2192	60.641075
2193	61.308258
2194	61.072258
2195	61.013866
2196	60.874073
2197	60.889099
2198	61.144154
2199	61.147961
2200	60.573261
2201	61.224628
2202	61.572895
2203	62.033314
2204	61.440468
2205	62.385284
2206	62.869255
2207	62.155651
2208	61.137367
2209	60.774651
2210	60.203472
2211	60.656731
2212	61.326519
2213	60.984047
2214	61.072578
2215	60.552631
2216	60.572441
2217	60.498180
2218	60.578888
2219	61.018127
2220	59.078682
2221	59.287708
2222	59.733368
2223	60.318764
2224	61.168133
2225	60.567047
2226	61.614075
2227	60.976177
2228	60.497944
2229	61.507160
2230	61.882935
2231	62.759308
2232	62.115314
2233	62.338310
2234	62.262520
2235	62.078941
2236	61.653595
2237	62.248913
2238	62.362938
2239	62.093048
2240	59.636024
2241	60.148182
2242	60.606415
2243	61.215870
2244	60.385395
2245	60.985676
2246	61.503895
2247	61.386627
2248	61.533947
2249	61.681305
2250	62.006073
2251	61.959095
2252	61.413170
2253	61.701805
2254	60.961040
2255	61.136284
2256	61.149422
2257	61.613762
2258	61.943565
2259	61.179604
2260	59.846180
2261	60.760357
2262	60.236946
2263	61.523285
2264	61.116203
2265	61.611443
2266	61.322548
2267	61.769917
2268	61.818024
2269	60.859184
2270	61.640919
2271	61.546997
2272	60.831604
2273	61.416157
2274	62.134697
2275	60.893524
2276	61.432911
2277	61.109783
2278	61.359936
2279	61.831963
2280	59.910278
2281	60.455833
2282	61.313183
2283	61.645733
2284	61.630516
2285	61.942970
2286	61.120464
2287	60.610023
2288	61.355541
2289	61.187256
2290	61.584076
2291	61.610943
2292	61.221687
2293	61.004547
2294	61.854530
2295	61.306225
2296	62.220177
2297	61.171204
2298	60.847054
2299	60.043739
2300	59.991497
2301	61.101128
2302	61.169731
2303	61.091564
2304	62.130592
2305	61.375233
2306	62.495483
2307	62.215893
2308	60.719398
2309	61.319756
2310	61.658092
2311	61.748779
2312	61.958656
2313	61.500233
2314	61.183678
2315	61.147575
2316	61.420940
2317	60.791969
2318	61.793922
2319	61.905731
2320	62.349438
2321	60.288971
2322	61.295635
2323	61.520103
2324	61.877655
2325	61.581757
2326	61.760571
2327	61.721680
2328	61.218864
2329	61.304939
2330	62.191628
2331	62.002205
2332	61.695839
2333	61.385181
2334	61.332542
2335	60.945259
2336	62.222466
2337	61.657604
2338	61.958385
2339	61.487682
2340	59.538891
2341	60.999146
2342	61.188496
2343	61.848125
2344	61.949207
2345	61.927654
2346	61.506733
2347	61.846020
2348	62.720257
2349	60.555073
2350	61.859814
2351	62.114990
2352	62.277313
2353	61.823730
2354	62.032909
2355	61.718342
2356	61.967812
2357	60.445263
2358	61.346020
2359	61.411652
2360	60.270058
2361	60.505836
2362	62.001629
2363	61.952126
2364	61.745758
2365	61.488464
2366	61.294556
2367	61.593750
2368	62.173729
2369	61.748974
2370	60.970806
2371	61.337074
2372	60.635235
2373	61.468922
2374	61.789330
2375	61.432411
2376	61.257179
2377	61.227894
2378	60.809181
2379	61.596436
2380	58.861656
2381	60.014473
2382	59.173126
2383	60.806286
2384	61.889915
2385	61.703362
2386	60.579998
2387	60.072021
2388	60.563057
2389	61.145203
2390	61.538551
2391	61.646889
2392	61.621235
2393	61.417683
2394	60.439045
2395	61.590233
2396	62.160572
2397	61.386921
2398	61.503815
2399	61.159863
2400	60.925224
2401	60.716022
2402	61.058624
2403	61.411736
2404	60.818573
2405	60.924232
2406	61.513550
2407	61.641701
2408	62.397015
2409	62.222210
2410	62.437286
2411	61.357941
2412	61.443501
2413	61.929779
2414	62.121571
2415	61.534737
2416	60.775257
2417	61.906708
2418	62.227356
2419	62.031258
2420	61.285484
2421	61.314812
2422	61.085022
2423	61.305492
2424	61.883545
2425	61.276989
2426	61.695839
2427	61.574463
2428	61.329887
2429	61.410603
2430	61.159416
2431	61.420494
2432	60.845604
2433	60.896782
2434	61.621227
2435	60.822735
2436	61.996807
2437	61.928173
2438	62.562756
2439	62.245625
2440	60.687996
2441	59.989521
2442	61.847710
2443	61.233360
2444	60.019184
2445	61.483204
2446	61.079918
2447	61.073341
2448	60.572105
2449	59.989899
2450	62.036884
2451	61.828682
2452	61.422707
2453	61.344471
2454	61.112263
2455	61.934071
2456	61.565735
2457	60.568581
2458	61.027367
2459	61.317944
2460	60.351421
2461	60.658314
2462	61.365013
2463	61.517994
2464	62.222942
2465	61.268414
2466	62.213097
2467	62.010780
2468	62.151733
2469	62.453148
2470	61.761364
2471	61.898548
2472	61.716656
2473	61.539940
2474	61.578419
2475	61.139854
2476	60.998760
2477	60.979149
2478	61.508076
2479	61.875416
2480	60.862049
2481	61.325512
2482	61.718628
2483	61.533867
2484	62.188343
2485	61.327862
2486	61.142570
2487	61.555443
2488	61.435047
2489	61.785625
2490	61.753864
2491	61.934204
2492	61.375446
2493	61.292309
2494	61.668182
2495	61.629017
2496	61.508648
2497	61.485493
2498	61.533043
2499	61.355701
2500	59.434101
2501	60.155388
2502	60.276398
2503	60.359291
2504	60.075764
2505	60.476685
2506	60.698841
2507	61.277081
2508	61.846100
2509	61.440392
2510	61.270496
2511	61.722755
2512	61.275993
2513	61.213814
2514	61.672310
2515	60.814522
2516	61.144234
2517	60.958576
2518	61.065289
2519	61.262177
2520	60.209705
2521	61.138603
2522	62.480522
2523	61.605415
2524	61.529999
2525	61.556160
2526	61.107147
2527	61.806019
2528	61.424522
2529	60.036865
2530	60.963310
2531	61.549419
2532	61.509941
2533	61.064831
2534	60.874920
2535	61.279339
2536	61.467308
2537	61.206177
2538	61.639671
2539	60.786049
2540	59.530525
2541	60.093342
2542	60.978260
2543	61.894703
2544	60.862103
2545	60.931683
2546	61.717308
2547	62.014759
2548	61.924469
2549	62.460999
2550	61.752789
2551	62.048706
2552	62.161572
2553	61.726734
2554	61.338989
2555	61.175892
2556	61.376335
2557	61.168659
2558	60.579395
2559	60.590385
2560	59.520550
2561	60.876759
2562	60.911938
2563	60.957001
2564	61.465649
2565	62.341389
2566	61.739357
2567	60.286182
2568	61.330650
2569	61.065014
2570	59.387707
2571	62.042889
2572	61.773396
2573	61.488289
2574	61.520252
2575	61.975391
2576	60.588524
2577	60.856628
2578	60.985840
2579	60.133659
2580	60.082600
2581	60.257923
2582	60.813732
2583	61.282024
2584	61.303734
2585	61.280579
2586	61.640575
2587	61.087883
2588	60.208893
2589	60.103840
2590	60.730785
2591	60.673424
2592	60.826813
2593	62.186207
2594	61.875313
2595	61.177204
2596	61.831257
2597	60.478630
2598	60.604870
2599	61.448444
2600	60.610023
2601	60.296337
2602	60.212471
2603	60.473206
2604	60.755817
2605	61.075310
2606	61.499519
2607	61.265259
2608	61.333179
2609	60.644787
2610	61.527393
2611	61.440361
2612	60.868469
2613	61.264442
2614	61.348473
2615	61.341942
2616	60.923054
2617	61.464153
2618	60.447552
2619	61.039314
2620	60.100830
2621	60.033184
2622	61.150230
2623	60.946129
2624	60.990181
2625	61.272186
2626	61.237598
2627	60.379311
2628	60.815727
2629	61.121338
2630	61.637104
2631	61.109600
2632	61.841267
2633	61.676003
2634	61.600048
2635	60.934441
2636	60.673107
2637	60.874470
2638	61.345726
2639	60.405682
2640	60.303123
2641	60.826439
2642	61.042522
2643	61.683235
2644	61.171967
2645	61.535919
2646	61.336414
2647	62.132805
2648	60.917603
2649	61.549725
2650	61.770996
2651	61.888306
2652	61.748943
2653	62.379707
2654	61.415100
2655	61.848022
2656	62.035522
2657	61.407646
2658	61.086945
2659	60.667397
2660	59.216713
2661	58.722816
2662	61.494209
2663	60.698204
2664	61.798332
2665	60.353497
2666	60.550606
2667	60.910969
2668	61.344261
2669	60.536999
2670	61.425568
2671	61.366676
2672	61.834911
2673	61.712597
2674	59.896736
2675	60.593079
2676	60.840675
2677	60.140289
2678	60.812206
2679	60.609417
2680	60.715179
2681	60.690315
2682	60.825886
2683	60.785419
2684	60.508362
2685	60.769104
2686	61.526184
2687	61.155548
2688	61.496490
2689	61.464203
2690	61.633698
2691	61.935810
2692	61.099518
2693	61.166100
2694	61.008312
2695	61.393654
2696	61.542255
2697	62.112679
2698	61.332527
2699	61.536865
2700	60.850304
2701	59.833733
2702	59.346321
2703	60.690926
2704	61.266918
2705	60.032970
2706	60.897186
2707	60.846687
2708	61.603626
2709	60.793629
2710	61.099892
2711	60.922260
2712	61.324413
2713	61.077965
2714	60.839813
2715	61.167702
2716	60.563393
2717	61.391808
2718	60.682884
2719	60.973015
2720	59.384338
2721	59.728210
2722	60.706074
2723	60.609627
2724	61.058250
2725	60.698051
2726	61.492065
2727	61.924023
2728	61.924644
2729	61.438469
2730	61.193756
2731	60.221924
2732	61.191967
2733	60.787365
2734	60.327080
2735	61.070435
2736	60.762970
2737	61.370186
2738	61.109077
2739	60.710571
2740	59.873390
2741	59.917809
2742	59.892021
2743	61.417622
2744	61.928619
2745	61.700920
2746	62.009544
2747	61.269970
2748	60.656757
2749	61.134735
2750	61.032490
2751	61.245941
2752	61.307945
2753	61.974445
2754	62.010918
2755	61.484993
2756	61.975044
2757	61.795235
2758	60.846546
2759	60.417549
2760	60.492104
2761	61.331627
2762	61.972706
2763	62.082813
2764	62.036175
2765	61.160419
2766	61.823204
2767	60.860420
2768	60.836475
2769	61.551575
2770	61.659912
2771	61.251709
2772	61.503174
2773	61.168282
2774	61.389729
2775	61.447285
2776	61.771782
2777	61.642387
2778	61.450703
2779	60.901154
2780	59.763470
2781	60.901131
2782	61.465202
2783	61.355888
2784	61.601204
2785	60.935841
2786	62.191650
2787	61.561279
2788	60.544128
2789	60.893444
2790	61.576416
2791	61.643867
2792	60.959991
2793	60.852150
2794	61.405151
2795	61.312183
2796	60.774178
2797	60.285156
2798	60.596180
2799	59.869312
2800	59.807972
2801	61.347839
2802	61.256886
2803	61.993549
2804	60.979134
2805	61.362343
2806	61.179291
2807	61.744183
2808	61.134258
2809	61.356781
2810	61.852520
2811	62.088684
2812	61.134418
2813	61.282227
2814	61.602863
2815	61.657776
2816	60.802574
2817	61.226551
2818	61.088844
2819	61.532997
2820	60.660206
2821	61.049572
2822	60.466686
2823	60.552544
2824	60.632843
2825	61.125153
2826	61.029549
2827	61.136627
2828	60.628204
2829	60.434734
2830	61.632893
2831	61.770649
2832	60.599682
2833	60.839256
2834	61.389160
2835	61.566364
2836	61.439758
2837	61.181843
2838	60.962914
2839	61.578075
2840	61.499279
2841	61.864250
2842	61.245258
2843	62.026623
2844	62.492332
2845	61.613434
2846	60.845654
2847	61.109673
2848	61.042946
2849	61.118523
2850	61.224628
2851	61.671894
2852	61.539753
2853	61.168465
2854	61.201653
2855	60.702465
2856	60.811840
2857	60.490601
2858	60.848518
2859	60.182182
2860	59.345074
2861	60.403545
2862	61.048103
2863	60.855713
2864	61.323963
2865	61.153465
2866	61.143200
2867	61.029858
2868	61.547180
2869	61.025013
2870	61.352974
2871	61.978737
2872	61.370312
2873	61.688305
2874	61.198170
2875	61.980598
2876	62.198597
2877	62.080208
2878	60.825706
2879	61.703777
2880	61.764130
2881	61.819862
2882	62.035278
2883	61.370831
2884	60.490974
2885	61.230755
2886	61.594002
2887	60.963051
2888	61.609966
2889	61.642841
2890	61.751881
2891	62.196571
2892	61.100391
2893	61.425129
2894	61.131340
2895	61.190838
2896	61.103905
2897	62.076393
2898	60.598549
2899	61.912098
2900	59.504860
2901	60.503151
2902	60.316833
2903	61.610603
2904	61.723969
2905	61.453053
2906	61.786541
2907	61.940544
2908	61.391682
2909	61.352211
2910	60.827179
2911	61.352306
2912	60.866497
2913	61.229546
2914	62.270149
2915	61.982861
2916	60.380127
2917	60.553314
2918	60.081524
2919	60.533581
2920	59.445942
2921	60.125206
2922	61.393097
2923	62.180077
2924	61.816601
2925	60.581890
2926	61.818523
2927	61.703682
2928	61.283234
2929	62.340649
2930	62.003365
2931	62.378044
2932	61.346703
2933	61.627861
2934	61.455303
2935	60.752331
2936	61.415466
2937	61.432915
2938	61.811707
2939	60.667469
2940	60.871441
2941	61.528492
2942	61.633728
2943	60.979897
2944	60.944122
2945	61.140236
2946	61.336994
2947	61.672443
2948	61.762917
2949	62.224861
2950	61.524738
2951	61.727100
2952	61.437553
2953	61.500042
2954	61.645103
2955	62.287727
2956	61.729206
2957	61.676155
2958	61.389809
2959	61.158264
2960	60.823128
2961	61.657215
2962	61.235603
2963	61.045208
2964	61.248970
2965	60.129585
2966	62.112862
2967	61.108101
2968	61.192757
2969	61.307232
2970	61.479259
2971	61.968071
2972	61.640656
2973	62.269733
2974	61.257397
2975	61.706104
2976	61.731972
2977	60.476654
2978	61.402710
2979	62.356781
2980	60.976311
2981	61.139782
2982	60.651817
2983	61.606071
2984	62.043175
2985	61.947762
2986	61.585865
2987	61.599407
2988	61.678337
2989	61.242340
2990	60.737995
2991	61.611946
2992	62.004810
2993	61.068127
2994	61.052528
2995	61.492577
2996	61.848625
2997	61.364632
2998	60.542549
2999	61.707623
3000	61.701439
3000	59.928444
3001	59.930126
3002	62.097340
3003	62.241882
3004	62.081097
3005	62.278595
3006	61.895184
3007	61.486015
3008	61.265888
3009	60.803600
3010	61.468761
3011	61.472260
3012	61.377514
3013	61.854015
3014	61.674232
3015	60.914131
3016	61.528912
3017	60.696156
3018	61.815235
3019	61.255524
3020	59.836861
3021	60.723106
3022	59.159340
3023	61.130363
3024	61.837940
3025	61.441841
3026	61.627449
3027	61.775604
3028	61.605938
3029	60.898102
3030	61.420708
3031	61.159893
3032	60.591949
3033	59.744759
3034	61.288155
3035	60.207130
3036	61.594837
3037	61.845154
3038	61.434734
3039	61.604706
3040	60.040752
3041	60.508526
3042	60.870373
3043	61.285339
3044	61.937279
3045	62.043446
3046	61.911652
3047	61.624519
3048	61.904346
3049	60.886635
3050	61.328308
3051	61.437183
3052	60.804604
3053	60.856731
3054	61.287209
3055	61.089058
3056	61.243183
3057	60.703442
3058	60.412811
3059	61.754833
3060	60.140522
3061	60.589653
3062	61.737122
3063	62.123676
3064	61.285236
3065	61.413887
3066	60.333099
3067	61.258362
3068	60.780598
3069	61.587151
3070	61.509041
3071	62.337677
3072	61.722389
3073	61.525154
3074	61.624260
3075	61.613838
3076	61.884735
3077	61.609917
3078	61.571728
3079	61.231468
3080	60.511993
3081	60.476002
3082	59.524494
3083	61.062683
3084	62.018150
3085	61.846813
3086	60.750160
3087	61.758018
3088	61.594231
3089	61.016235
3090	60.421314
3091	60.574055
3092	60.617290
3093	61.075684
3094	60.866920
3095	60.802837
3096	60.973076
3097	61.215973
3098	61.444153
3099	61.174652
3100	59.081261
3101	59.164703
3102	60.282684
3103	61.243153
3104	61.058735
3105	61.883202
3106	61.527679
3107	61.711334
3108	62.504627
3109	61.943596
3110	61.685188
3111	61.776569
3112	61.218468
3113	60.921074
3114	61.368073
3115	61.161476
3116	61.390419
3117	60.825397
3118	61.394493
3119	61.518181
3120	61.011944
3121	60.643890
3122	62.009674
3123	61.537361
3124	61.529778
3125	61.484550
3126	61.195759
3127	61.425098
3128	61.561684
3129	60.773785
3130	61.294334
3131	61.964336
3132	62.400887
3133	61.190990
3134	61.117390
3135	62.446808
3136	61.500389
3137	61.285912
3138	61.088367
3139	61.039448
3140	59.402161
3141	61.570335
3142	61.018047
3143	61.876045
3144	61.988129
3145	61.882393
3146	61.521019
3147	62.010151
3148	61.673470
3149	61.511833
3150	61.969597
3151	61.228203
3152	60.365974
3153	60.674389
3154	61.353996
3155	60.443859
3156	60.383308
3157	60.965782
3158	60.658844
3159	61.881550
3160	60.859753
3161	61.692150
3162	61.763233
3163	60.767872
3164	61.029175
3165	61.510307
3166	61.003105
3167	60.710548
3168	61.332417
3169	61.268177
3170	60.524494
3171	61.952171
3172	61.067871
3173	61.275074
3174	61.523335
3175	61.138233
3176	60.975151
3177	61.219414
3178	60.650684
3179	61.079071
3180	60.418755
3181	60.941730
3182	61.036213
3183	60.589466
3184	61.052025
3185	60.031872
3186	60.351154
3187	61.763660
3188	61.362152
3189	61.470726
3190	61.333839
3191	61.113415
3192	61.203808
3193	60.904522
3194	60.460316
3195	61.308861
3196	61.501076
3197	61.830231
3198	61.317039
3199	62.045338
3200	61.127758
3201	61.318207
3202	60.743126
3203	61.140678
3204	60.923157
3205	59.691895
3206	60.689735
3207	61.564941
3208	60.406914
3209	60.591259
3210	61.116871
3211	61.060326
3212	61.323708
3213	61.671989
3214	61.230946
3215	60.892708
3216	61.001202
3217	61.241386
3218	61.822998
3219	61.693420
3220	59.400146
3221	59.958759
3222	60.323547
3223	60.564209
3224	61.998859
3225	62.005257
3226	61.149391
3227	61.473152
3228	61.071705
3229	62.691254
3230	62.496815
3231	61.698280
3232	60.731396
3233	61.620552
3234	60.951790
3235	61.383232
3236	60.963707
3237	60.613548
3238	60.828339
3239	61.190937
3240	60.134552
3241	60.860394
3242	60.893394
3243	60.809227
3244	60.889179
3245	60.896599
3246	62.396965
3247	61.813915
3248	62.230019
3249	61.057915
3250	61.777260
3251	61.847149
3252	62.302784
3253	62.101463
3254	61.113922
3255	61.221367
3256	60.401497
3257	61.398022
3258	60.661156
3259	61.623840
3260	59.907997
3261	61.687939
3262	61.329681
3263	61.444862
3264	61.617809
3265	61.851837
3266	61.307495
3267	61.156593
3268	61.809593
3269	62.193230
3270	61.798973
3271	61.734974
3272	61.151154
3273	60.772053
3274	60.420319
3275	60.916100
3276	60.849133
3277	60.419075
3278	60.054188
3279	61.091942
3280	59.664154
3281	59.725128
3282	60.307636
3283	60.652393
3284	60.692310
3285	59.670052
3286	61.091076
3287	61.196495
3288	60.852882
3289	61.239857
3290	61.496521
3291	62.204254
3292	60.833393
3293	60.616413
3294	61.291466
3295	61.667519
3296	62.154255
3297	61.114918
3298	61.730278
3299	62.031841
3300	60.138176
3301	61.222023
3302	60.935364
3303	62.344360
3304	61.851307
3305	62.426441
3306	62.280468
3307	61.711395
3308	61.736755
3309	61.772682
3310	61.348518
3311	61.658833
3312	61.526344
3313	62.531128
3314	61.539864
3315	60.841469
3316	61.018333
3317	61.604259
3318	60.936127
3319	60.673149
3320	59.932182
3321	60.832947
3322	61.634102
3323	61.676155
3324	61.211700
3325	61.464520
3326	60.998760
3327	61.164490
3328	60.894836
3329	61.929314
3330	60.508232
3331	60.839790
3332	60.018761
3333	61.536285
3334	60.876385
3335	61.758862
3336	61.188026
3337	60.822155
3338	61.397682
3339	61.349205
3340	60.091339
3341	60.813313
3342	61.553204
3343	61.710175
3344	60.294086
3345	60.558399
3346	60.448235
3347	60.650917
3348	61.123730
3349	61.767406
3350	62.053539
3351	61.700939
3352	61.240582
3353	60.458900
3354	62.163464
3355	62.043812
3356	62.028545
3357	61.593819
3358	61.392159
3359	61.060417
3360	58.731792
3361	59.625916
3362	59.372475
3363	61.665760
3364	62.049042
3365	62.035625
3366	61.767548
3367	61.670021
3368	61.328278
3369	61.834290
3370	62.112923
3371	61.271446
3372	60.440102
3373	60.596550
3374	60.220421
3375	61.045341
3376	60.750835
3377	61.315601
3378	61.321362
3379	61.107708
3380	59.546974
3381	60.318665
3382	60.460472
3383	61.013714
3384	61.993599
3385	62.063465
3386	62.237366
3387	61.980019
3388	60.822521
3389	61.154655
3390	60.744934
3391	61.306049
3392	60.474365
3393	61.252434
3394	62.057343
3395	61.939751
3396	61.521996
3397	60.685894
3398	62.124626
3399	61.321968
3400	59.399914
3401	60.285442
3402	61.677868
3403	61.070568
3404	61.775307
3405	61.766548
3406	61.443493
3407	62.155018
3408	61.285973
3409	61.223442
3410	61.840965
3411	60.856861
3412	61.953053
3413	61.659729
3414	61.549782
3415	62.140839
3416	61.495705
3417	62.120838
3418	62.393913
3419	62.357178
3420	60.769573
3421	60.835480
3422	61.185608
3423	61.135475
3424	61.206604
3425	60.731606
3426	62.168022
3427	61.770546
3428	61.905468
3429	61.654491
3430	61.676838
3431	60.825886
3432	61.809044
3433	61.254753
3434	60.912548
3435	60.539185
3436	61.137096
3437	60.773811
3438	60.529991
3439	61.601154
3440	60.784473
3441	61.312126
3442	60.835835
3443	62.036888
3444	61.360573
3445	61.586601
3446	61.588997
3447	61.262947
3448	61.011681
3449	61.308708
3450	61.171074
3451	61.313606
3452	61.110920
3453	60.703339
3454	61.972675
3455	61.721443
3456	61.207569
3457	61.143909
3458	60.996498
3459	61.363159
3460	60.905109
3461	59.748131
3462	60.127296
3463	60.696892
3464	60.618053
3465	60.719128
3466	60.995342
3467	61.377228
3468	61.193920
3469	60.930157
3470	61.253838
3471	62.062462
3472	61.718761
3473	61.063416
3474	60.730659
3475	61.655891
3476	61.107521
3477	59.947136
3478	61.055969
3479	60.879417
3480	59.690735
3481	61.650970
3482	61.464386
3483	60.985840
3484	61.316051
3485	61.725914
3486	60.708263
3487	61.530365
3488	60.964100
3489	61.945259
3490	61.213867
3491	61.730843
3492	61.170387
3493	61.790577
3494	60.870628
3495	61.909801
3496	61.789879
3497	61.068359
3498	62.017681
3499	61.456360
3500	60.695049
3501	59.667023
3502	61.210133
3503	61.016338
3504	62.068836
3505	61.667389
3506	60.693287
3507	61.786263
3508	61.741467
3509	61.426964
3510	61.236706
3511	61.377022
3512	61.464630
3513	61.526814
3514	62.022625
3515	61.249866
3516	61.907043
3517	60.600883
3518	60.996704
3519	61.317730
3520	60.282867
3521	58.631207
3522	60.220177
3523	61.578529
3524	60.468731
3525	60.236835
3526	60.243946
3527	60.777863
3528	61.123180
3529	61.240471
3530	61.326702
3531	61.602283
3532	61.045555
3533	61.743813
3534	62.016563
3535	61.548229
3536	61.649761
3537	61.142895
3538	60.320660
3539	60.023262
3540	60.480156
3541	61.126701
3542	61.239250
3543	62.814259
3544	61.755939
3545	60.384941
3546	61.784973
3547	61.335197
3548	61.275337
3549	61.073204
3550	60.320629
3551	60.395153
3552	61.184650
3553	60.914734
3554	60.674500
3555	60.985023
3556	61.479309
3557	61.137444
3558	61.299732
3559	61.192768
3560	60.987835
3561	62.203133
3562	61.207573
3563	60.962025
3564	61.541649
3565	60.383606
3566	61.719749
3567	60.744080
3568	61.001732
3569	60.544025
3570	60.667946
3571	61.363758
3572	61.129967
3573	61.013844
3574	60.599731
3575	61.298973
3576	61.019909
3577	61.172569
3578	61.159649
3579	60.486656
3580	59.941689
3581	60.565392
3582	61.356255
3583	61.017994
3584	61.954308
3585	61.885174
3586	60.534710
3587	61.407917
3588	61.150867
3589	60.646839
3590	61.825768
3591	61.899834
3592	61.752949
3593	61.298389
3594	60.790211
3595	61.805756
3596	61.324699
3597	60.647362
3598	61.033653
3599	61.931335
3600	60.375000
3601	60.224049
3602	61.260235
3603	60.772835
3604	61.485279
3605	62.011414
3606	62.048382
3607	61.861755
3608	61.610760
3609	61.461967
3610	61.733521
3611	62.134838
3612	61.879700
3613	61.713093
3614	61.830818
3615	60.035656
3616	60.572132
3617	60.768341
3618	60.425499
3619	60.961548
3620	61.072571
3621	59.876598
3622	60.349945
3623	61.616810
3624	61.736675
3625	61.774708
3626	61.683735
3627	62.100464
3628	61.325184
3629	61.042339
3630	60.643871
3631	61.212048
3632	61.053703
3633	60.689018
3634	61.231731
3635	61.497364
3636	61.664970
3637	60.890442
3638	61.045025
3639	61.269096
3640	59.485466
3641	59.366554
3642	60.284313
3643	61.033184
3644	60.990334
3645	60.686684
3646	60.516968
3647	60.534260
3648	60.951183
3649	60.806366
3650	60.770607
3651	60.622185
3652	60.648388
3653	60.956310
3654	61.309845
3655	60.380047
3656	60.099236
3657	60.466728
3658	60.910759
3659	60.558472
3660	58.799397
3661	62.180836
3662	62.016151
3663	61.723145
3664	61.778259
3665	61.555260
3666	62.445972
3667	61.424889
3668	61.995888
3669	61.171600
3670	60.340679
3671	60.953075
3672	61.587486
3673	61.347626
3674	60.667999
3675	61.188763
3676	61.508312
3677	61.238914
3678	61.744728
3679	60.820923
3680	59.240990
3681	61.111736
3682	61.066475
3683	61.243706
3684	61.371704
3685	61.734871
3686	61.573994
3687	61.895996
3688	62.453442
3689	61.014210
3690	61.006050
3691	61.815105
3692	61.069050
3693	61.875549
3694	61.652321
3695	61.646889
3696	61.602184
3697	62.020775
3698	61.788830
3699	60.856129
3700	59.098858
3701	60.970440
3702	59.816425
3703	59.904793
3704	60.730896
3705	60.695152
3706	61.247505
3707	61.565502
3708	61.415337
3709	60.807610
3710	61.588341
3711	61.310547
3712	61.035500
3713	60.991150
3714	60.591499
3715	60.622841
3716	61.213440
3717	61.390625
3718	61.699574
3719	61.891998
3720	60.420216
3721	61.347595
3722	61.837791
3723	61.994759
3724	61.472420
3725	61.703072
3726	61.244469
3727	61.363281
3728	60.975708
3729	59.782631
3730	60.327972
3731	61.132599
3732	61.463978
3733	61.659859
3734	61.296181
3735	61.423542
3736	61.373547
3737	61.623810
3738	61.040894
3739	60.848450
3740	61.191994
3741	61.163654
3742	62.029839
3743	61.795551
3744	60.781731
3745	61.280762
3746	61.371418
3747	61.219017
3748	60.340862
3749	60.886421
3750	61.499443
3751	61.614521
3752	60.400002
3753	60.682556
3754	60.904522
3755	61.702839
3756	61.120338
3757	61.325184
3758	61.163288
3759	60.697071
3760	59.185863
3761	60.547180
3762	60.342945
3763	59.718342
3764	60.942101
3765	60.237396
3766	60.793762
3767	61.121868
3768	60.900391
3769	61.719227
3770	61.697468
3771	62.308891
3772	62.064465
3773	62.261921
3774	61.375755
3775	61.715862
3776	61.854576
3777	60.942444
3778	60.604607
3779	61.341545
3780	60.689758
3781	61.087944
3782	62.124580
3783	62.508156
3784	62.529865
3785	62.076855
3786	62.192780
3787	61.120228
3788	61.561470
3789	61.541363
3790	62.545013
3791	61.944862
3792	61.197887
3793	61.402203
3794	61.847015
3795	61.181602
3796	60.882576
3797	61.206947
3798	60.814281
3799	61.151131
3800	59.932487
3801	59.917107
3802	60.690392
3803	61.189320
3804	61.388359
3805	60.578602
3806	60.854523
3807	60.766205
3808	60.068840
3809	60.396950
3810	60.115711
3811	60.879078
3812	60.153839
3813	60.736084
3814	60.959099
3815	60.576996
3816	61.567444
3817	60.348045
3818	60.429131
3819	61.589649
3820	60.035858
3821	59.163677
3822	61.488422
3823	61.301216
3824	61.408257
3825	61.890266
3826	61.558754
3827	62.070995
3828	62.177071
3829	61.655708
3830	61.208019
3831	61.195385
3832	61.310047
3833	61.757812
3834	61.020943
3835	61.537731
3836	60.018055
3837	61.590599
3838	60.889496
3839	60.397972
3840	60.163147
3841	58.813812
3842	60.988873
3843	60.948975
3844	60.557686
3845	61.666069
3846	60.767914
3847	61.410652
3848	61.240967
3849	60.916759
3850	61.323158
3851	61.636524
3852	61.957439
3853	61.309967
3854	61.421257
3855	61.961174
3856	60.986469
3857	61.152550
3858	61.477283
3859	61.047577
3860	61.766449
3861	62.495941
3862	61.193596
3863	62.616333
3864	62.259460
3865	61.557598
3866	61.900414
3867	62.114990
3868	61.901989
3869	62.023018
3870	61.681786
3871	61.079865
3872	61.312256
3873	61.303234
3874	61.393707
3875	61.824787
3876	61.699635
3877	61.510231
3878	60.679577
3879	60.704071
3880	60.740936
3881	60.803078
3882	60.857216
3883	61.749157
3884	61.594624
3885	60.938622
3886	61.146339
3887	60.980762
3888	61.221752
3889	61.617817
3890	61.384228
3891	61.414185
3892	60.772999
3893	60.492867
3894	61.080467
3895	61.100597
3896	62.333050
3897	61.754070
3898	61.254650
3899	61.665047
3900	60.295807
3901	59.523865
3902	61.499622
3903	62.521156
3904	62.478859
3905	60.257282
3906	61.065758
3907	62.238964
3908	61.354729
3909	60.881416
3910	61.624077
3911	61.967915
3912	61.664917
3913	62.201996
3914	61.874199
3915	62.307331
3916	61.941597
3917	61.195629
3918	61.996998
3919	61.355549
3920	59.899994
3921	60.145153
3922	61.418293
3923	61.376232
3924	61.507965
3925	61.505360
3926	60.754982
3927	60.741173
3928	61.153759
3929	60.981972
3930	60.807495
3931	60.683258
3932	61.004021
3933	62.207703
3934	60.815235
3935	60.316444
3936	61.364349
3937	60.961388
3938	60.296154
3939	60.953785
3940	58.569263
3941	60.365234
3942	61.264290
3943	61.026043
3944	61.228340
3945	59.977184
3946	60.785267
3947	60.936363
3948	61.516182
3949	61.685230
3950	61.462334
3951	61.102211
3952	60.993340
3953	61.057678
3954	61.116871
3955	60.967201
3956	60.589073
3957	61.218231
3958	60.820702
3959	60.753155
3960	59.118843
3961	59.429577
3962	60.031811
3963	61.236000
3964	61.558910
3965	61.332130
3966	61.900978
3967	61.601387
3968	61.567711
3969	60.069023
3970	60.886311
3971	61.585651
3972	61.760780
3973	61.885181
3974	61.248436
3975	61.406311
3976	61.444679
3977	61.902107
3978	62.005547
3979	61.599602
3980	60.037865
3981	60.959389
3982	60.338940
3983	60.163891
3984	60.830620
3985	61.847370
3986	61.178864
3987	61.154762
3988	61.363678
3989	61.688805
3990	61.447865
3991	61.551994
3992	61.097832
3993	60.855415
3994	61.465965
3995	61.988289
3996	62.006786
3997	61.993938
3998	62.036919
3999	60.898945
4000	59.380127
4001	60.846336
4002	61.054970
4003	62.000740
4004	61.006493
4005	60.677418
4006	61.687309
4007	60.727211
4008	60.852581
4009	60.104500
4010	60.025238
4011	61.070393
4012	61.525604
4013	60.781445
4014	61.621208
4015	61.250572
4016	60.755547
4017	61.705177
4018	61.417255
4019	61.219078
4020	60.401073
4021	59.752373
4022	61.209942
4023	61.231239
4024	61.654552
4025	60.617229
4026	61.399841
4027	61.239632
4028	61.661152
4029	62.025414
4030	61.253338
4031	61.650543
4032	60.406811
4033	61.151939
4034	61.682281
4035	60.678154
4036	61.519630
4037	61.346886
4038	61.191204
4039	61.714363
4040	60.606285
4041	59.308025
4042	62.064289
4043	61.780968
4044	62.242970
4045	60.953285
4046	61.708229
4047	61.088173
4048	61.368469
4049	61.552967
4050	62.133789
4051	60.709755
4052	60.017365
4053	61.169231
4054	60.217999
4055	61.446369
4056	62.082813
4057	61.489288
4058	62.119049
4059	61.756599
4060	60.974495
4061	60.930595
4062	61.619862
4063	61.349812
4064	60.542706
4065	60.800549
4066	61.230785
4067	61.051125
4068	60.959892
4069	60.115734
4070	60.530628
4071	60.937714
4072	60.672707
4073	60.486866
4074	60.813080
4075	61.513836
4076	61.056129
4077	61.851128
4078	61.492809
4079	61.387074
4080	58.441864
4081	59.669239
4082	60.330818
4083	61.597523
4084	61.216179
4085	61.304211
4086	61.536255
4087	60.997864
4088	61.299419
4089	60.691204
4090	61.298920
4091	61.916676
4092	62.053070
4093	62.484642
4094	62.162342
4095	62.093040
4096	61.087517
4097	61.101257
4098	61.415337
4099	61.531807
4100	59.715752
4101	61.077648
4102	61.575153
4103	61.830524
4104	61.500256
4105	61.140236
4106	61.401711
4107	60.809284
4108	61.151314
4109	60.981312
4110	61.330914
4111	61.257915
4112	61.403625
4113	61.481781
4114	60.078991
4115	60.717468
4116	61.233418
4117	60.453938
4118	61.236500
4119	60.919361
4120	58.860046
4121	59.100159
4122	61.078838
4123	61.769543
4124	61.482838
4125	62.167755
4126	61.984753
4127	61.449646
4128	61.672829
4129	61.785179
4130	61.783653
4131	61.353416
4132	61.018257
4133	61.250999
4134	61.090107
4135	60.853077
4136	61.094841
4137	60.588493
4138	60.957497
4139	61.209862
4140	59.940289
4141	60.215126
4142	60.538185
4143	60.900078
4144	60.098427
4145	61.060005
4146	61.052368
4147	60.389503
4148	61.533592
4149	61.638050
4150	61.238049
4151	61.360546
4152	61.514660
4153	60.505413
4154	60.640526
4155	60.752392
4156	61.270550
4157	60.906654
4158	60.380684
4159	60.543892
4160	61.358681
4161	61.169861
4162	61.253662
4163	61.479866
4164	61.558758
4165	60.561684
4166	61.634968
4167	60.011345
4168	60.800423
4169	60.473175
4170	60.572865
4171	60.240101
4172	61.314079
4173	60.920448
4174	60.702679
4175	60.806496
4176	60.721336
4177	61.662941
4178	60.561237
4179	60.672497
4180	60.326103
4181	60.317268
4182	61.991493
4183	62.144337
4184	62.072884
4185	60.580341
4186	60.724159
4187	61.194099
4188	61.314018
4189	61.963707
4190	60.886131
4191	60.407970
4192	61.651234
4193	61.205574
4194	61.804707
4195	60.913788
4196	61.777760
4197	60.660633
4198	60.513447
4199	61.001789
4200	58.779339
4201	60.020069
4202	60.622578
4203	61.579674
4204	61.147438
4205	60.999493
4206	60.872356
4207	61.404682
4208	61.128918
4209	61.165783
4210	61.277489
4211	60.902626
4212	61.293072
4213	61.097656
4214	61.210022
4215	61.001709
4216	61.840675
4217	61.568409
4218	60.934734
4219	61.004234
4220	58.881203
4221	59.949627
4222	61.209496
4223	62.040123
4224	62.277260
4225	62.082756
4226	62.785961
4227	62.163124
4228	62.173225
4229	61.386494
4230	61.912407
4231	62.275043
4232	62.436676
4233	60.991783
4234	61.182964
4235	60.530132
4236	61.446545
4237	61.702919
4238	60.142212
4239	61.371918
4240	61.150948
4241	60.909943
4242	61.935493
4243	61.621704
4244	61.478523
4245	61.729359
4246	61.444202
4247	61.160316
4248	61.326130
4249	61.521706
4250	60.507526
4251	61.289021
4252	60.954834
4253	60.972839
4254	60.839989
4255	61.402832
4256	61.009178
4257	59.940418
4258	60.295235
4259	60.752785
4260	59.381279
4261	60.828339
4262	60.937866
4263	61.856361
4264	60.586994
4265	61.851574
4266	61.376179
4267	62.024384
4268	60.953156
4269	61.043343
4270	61.637016
4271	61.555462
4272	61.768177
4273	61.428703
4274	61.389904
4275	61.246838
4276	61.164837
4277	62.015434
4278	62.135174
4279	60.883736
4280	60.164368
4281	60.727264
4282	61.520409
4283	61.251106
4284	61.811871
4285	61.579945
4286	60.618340
4287	61.548523
4288	61.597633
4289	61.088264
4290	60.761181
4291	61.291748
4292	62.027649
4293	61.028603
4294	61.672047
4295	60.872841
4296	60.990044
4297	61.556679
4298	62.121254
4299	61.563286
4300	61.077709
4301	61.800678
4302	61.203686
4303	62.333416
4304	62.415730
4305	61.757679
4306	61.411968
4307	61.598164
4308	61.546864
4309	61.802753
4310	61.332447
4311	62.139732
4312	61.489338
4313	60.963573
4314	61.119080
4315	60.702385
4316	60.912224
4317	61.701050
4318	61.378681
4319	61.838814
4320	61.544910
4321	61.839020
4322	61.469917
4323	61.502258
4324	61.459545
4325	61.867573
4326	61.171001
4327	61.060467
4328	60.847603
4329	60.092896
4330	60.806175
4331	60.693047
4332	61.043652
4333	59.991737
4334	61.019550
4335	60.680836
4336	61.759651
4337	60.979443
4338	61.427422
4339	60.860413
4340	58.853363
4341	60.764313
4342	60.465656
4343	60.848713
4344	61.923256
4345	61.040386
4346	61.501076
4347	61.168102
4348	61.923180
4349	60.704945
4350	60.563972
4351	61.218208
4352	60.161182
4353	60.787518
4354	61.943127
4355	61.287861
4356	61.656181
4357	61.491150
4358	61.518440
4359	61.834816
4360	60.436291
4361	61.486805
4362	61.464836
4363	61.876537
4364	62.283974
4365	62.431702
4366	62.829357
4367	62.129707
4368	61.410786
4369	62.226257
4370	62.712090
4371	62.315960
4372	60.961945
4373	60.861809
4374	60.697651
4375	61.234547
4376	62.094917
4377	62.790333
4378	62.327492
4379	62.073364
4380	60.157784
4381	60.256859
4382	61.275372
4383	61.523132
4384	61.984703
4385	60.965630
4386	61.337944
4387	60.545799
4388	61.010784
4389	60.680763
4390	61.056526
4391	61.370445
4392	61.044861
4393	61.477734
4394	61.292339
4395	61.020546
4396	61.010365
4397	62.144756
4398	62.046173
4399	61.680550
4400	59.275837
4401	61.011864
4402	60.565468
4403	61.046154
4404	60.772236
4405	62.286049
4406	61.288280
4407	60.987549
4408	61.083607
4409	61.344780
4410	60.743549
4411	60.990440
4412	61.575806
4413	61.098675
4414	62.038311
4415	61.790886
4416	61.575447
4417	61.544250
4418	61.454262
4419	61.943043
4420	60.558025
4421	60.422760
4422	61.931740
4423	61.305676
4424	61.702892
4425	61.898048
4426	61.821075
4427	61.300468
4428	61.376995
4429	61.183552
4430	61.731865
4431	61.052284
4432	61.187328
4433	61.855263
4434	60.754890
4435	61.657997
4436	61.136944
4437	60.535786
4438	62.295891
4439	61.272369
4440	61.767311
4441	60.910156
4442	60.560921
4443	61.733448
4444	61.869488
4445	61.609917
4446	61.288734
4447	61.968414
4448	62.015869
4449	61.190418
4450	60.693920
4451	62.013866
4452	61.472054
4453	61.591896
4454	60.848156
4455	60.545837
4456	61.448833
4457	60.723839
4458	61.625313
4459	61.409859
4460	60.353832
4461	61.415230
4462	60.607708
4463	61.414917
4464	61.322502
4465	61.038738
4466	61.226604
4467	61.709633
4468	60.959553
4469	61.259174
4470	61.585945
4471	62.122204
4472	61.872986
4473	62.023521
4474	61.805305
4475	60.450867
4476	60.878490
4477	62.386414
4478	61.589123
4479	61.859386
4480	60.495674
4481	60.351257
4482	61.321972
4483	61.447731
4484	62.363289
4485	62.646618
4486	62.383888
4487	61.236336
4488	61.934258
4489	60.986046
4490	61.606804
4491	61.704498
4492	61.061104
4493	60.922840
4494	61.005413
4495	61.843494
4496	60.631523
4497	60.886467
4498	61.141731
4499	61.267601
4500	59.334076
4501	60.661816
4502	61.837841
4503	62.027546
4504	60.921124
4505	61.078339
4506	60.930336
4507	61.084206
4508	60.736237
4509	61.163887
4510	61.203991
4511	61.266571
4512	61.140301
4513	61.369026
4514	61.452019
4515	61.775627
4516	61.123787
4517	61.201469
4518	60.823151
4519	61.899071
4520	59.730736
4521	60.192677
4522	60.189972
4523	61.040443
4524	61.202496
4525	61.375938
4526	61.847515
4527	60.984943
4528	61.489311
4529	61.934784
4530	61.126732
4531	61.733105
4532	61.691467
4533	62.324287
4534	62.317467
4535	61.333069
4536	61.782631
4537	60.721760
4538	60.679516
4539	59.956921
4540	60.812183
4541	60.703369
4542	61.323212
4543	61.115440
4544	61.591286
4545	60.870552
4546	60.453999
4547	60.798077
4548	61.295074
4549	61.624523
4550	60.492683
4551	61.933655
4552	61.763622
4553	62.023418
4554	59.967999
4555	61.661781
4556	60.445152
4557	60.696999
4558	60.366753
4559	60.645607
4560	60.813763
4561	61.450706
4562	61.016499
4563	61.868286
4564	61.645576
4565	60.980785
4566	61.161438
4567	60.876446
4568	61.196831
4569	60.769051
4570	61.197594
4571	61.675728
4572	61.444153
4573	62.783386
4574	61.870647
4575	61.410126
4576	62.333942
4577	61.895782
4578	62.333275
4579	60.968758
4580	58.922314
4581	61.186413
4582	61.888130
4583	62.553886
4584	62.073555
4585	62.535835
4586	61.559624
4587	61.967705
4588	61.089672
4589	61.884808
4590	61.684235
4591	61.790627
4592	61.206734
4593	60.759785
4594	60.504387
4595	60.129738
4596	61.027599
4597	61.259575
4598	61.500572
4599	61.724098
4600	58.291698
4601	60.987793
4602	61.195629
4603	60.838264
4604	60.982994
4605	61.074318
4606	61.364677
4607	60.654621
4608	61.335075
4609	60.549976
4610	60.894836
4611	61.035389
4612	61.333416
4613	60.748158
4614	61.813866
4615	61.269157
4616	61.145966
4617	62.274605
4618	60.923134
4619	62.075550
4620	61.092865
4621	60.524994
4622	61.399342
4623	60.130363
4624	61.125862
4625	61.458252
4626	60.727943
4627	60.821358
4628	60.520020
4629	61.086414
4630	61.401886
4631	61.486229
4632	61.095287
4633	61.223206
4634	61.383656
4635	61.460411
4636	61.316975
4637	61.183998
4638	60.151001
4639	60.641224
4640	59.270470
4641	60.320934
4642	60.730946
4643	61.169025
4644	61.226807
4645	61.939941
4646	61.811047
4647	61.706043
4648	61.440651
4649	61.772968
4650	61.759285
4651	61.424461
4652	61.361595
4653	61.454071
4654	60.789574
4655	61.404625
4656	61.526680
4657	61.853264
4658	61.219074
4659	60.130920
4660	59.390289
4661	59.863232
4662	59.968628
4663	60.648735
4664	61.608257
4665	60.916046
4666	60.529816
4667	60.480183
4668	60.197338
4669	60.152046
4670	61.365002
4671	61.719994
4672	61.696331
4673	62.402943
4674	61.749836
4675	61.493572
4676	61.919044
4677	60.733532
4678	61.562126
4679	61.373199
4680	59.914154
4681	60.774971
4682	61.337696
4683	61.509174
4684	62.039600
4685	61.726814
4686	62.004131
4687	61.803864
4688	61.990753
4689	62.842628
4690	61.038868
4691	61.473125
4692	61.721519
4693	61.271965
4694	61.464100
4695	61.845070
4696	61.946465
4697	61.429436
4698	60.991100
4699	60.808411
4700	60.592316
4701	60.028999
4702	60.079021
4703	60.930687
4704	60.676098
4705	60.080860
4706	60.629997
4707	60.537895
4708	61.443001
4709	60.573547
4710	61.285839
4711	61.334465
4712	61.793419
4713	60.535522
4714	61.321098
4715	61.229576
4716	61.006233
4717	61.528679
4718	60.867836
4719	61.992760
4720	61.256104
4721	61.307861
4722	60.783943
4723	60.328896
4724	61.078259
4725	61.522968
4726	60.832726
4727	60.675446
4728	61.158997
4729	60.972889
4730	60.899788
4731	61.811817
4732	61.402733
4733	60.600891
4734	60.801289
4735	60.863579
4736	61.581596
4737	61.156593
4738	61.296715
4739	61.068916
4740	59.647339
4741	60.807861
4742	59.913868
4743	61.535576
4744	61.970917
4745	61.038155
4746	62.033550
4747	61.311707
4748	61.450050
4749	61.813862
4750	61.285469
4751	62.029442
4752	61.487709
4753	61.616497
4754	60.882072
4755	60.609814
4756	61.359520
4757	60.630157
4758	61.096703
4759	61.568829
4760	57.952290
4761	59.483917
4762	60.284992
4763	61.497292
4764	61.791603
4765	61.122387
4766	60.951679
4767	60.715687
4768	61.706360
4769	60.971680
4770	61.292152
4771	60.443474
4772	61.118629
4773	61.300575
4774	61.367126
4775	61.379284
4776	61.278236
4777	61.535728
4778	62.299469
4779	61.866047
4780	59.486858
4781	60.710442
4782	61.739887
4783	61.600414
4784	62.241283
4785	61.340656
4786	62.028206
4787	61.988758
4788	61.157520
4789	60.864861
4790	60.766045
4791	61.682831
4792	61.403992
4793	60.918495
4794	61.427544
4795	61.637596
4796	61.415752
4797	61.390308
4798	60.661579
4799	60.574047
4800	60.913208
4801	60.934021
4802	61.698204
4803	62.197197
4804	61.665997
4805	61.046181
4806	60.976128
4807	61.647572
4808	61.304939
4809	61.671204
4810	61.436867
4811	61.382652
4812	61.135975
4813	60.969891
4814	61.277863
4815	61.382893
4816	61.174843
4817	60.632343
4818	61.508858
4819	61.732471
4820	58.971123
4821	60.934650
4822	60.806496
4823	61.201885
4824	61.677361
4825	60.989521
4826	61.454262
4827	61.683308
4828	61.222809
4829	61.203392
4830	60.114227
4831	61.213970
4832	61.541046
4833	60.929420
4834	61.183502
4835	61.134644
4836	62.040840
4837	61.245312
4838	62.369995
4839	62.300545
4840	60.899708
4841	59.807922
4842	61.083019
4843	61.286491
4844	61.970806
4845	61.942436
4846	61.188122
4847	61.379524
4848	60.955048
4849	61.614441
4850	60.954475
4851	60.949055
4852	60.755390
4853	60.638176
4854	61.114311
4855	61.857231
4856	61.756207
4857	61.268230
4858	60.329735
4859	61.014290
4860	59.199158
4861	59.957226
4862	62.361286
4863	61.598602
4864	62.673859
4865	62.359093
4866	61.547993
4867	60.567787
4868	61.523857
4869	61.556629
4870	61.740967
4871	60.370495
4872	60.577545
4873	61.684204
4874	62.040680
4875	61.766914
4876	61.229443
4877	61.495552
4878	60.569023
4879	61.325916
4880	59.826149
4881	60.835625
4882	59.852654
4883	60.987415
4884	60.974548
4885	61.029858
4886	61.060444
4887	61.313438
4888	61.052361
4889	60.805969
4890	60.159447
4891	61.005524
4892	60.102608
4893	60.970490
4894	61.627045
4895	61.969524
4896	61.700417
4897	61.733124
4898	61.618977
4899	62.002522
4900	59.142311
4901	60.303516
4902	61.329021
4903	61.394020
4904	61.024994
4905	61.238503
4906	61.422344
4907	61.317314
4908	61.383556
4909	61.931232
4910	61.709023
4911	61.672443
4912	61.831230
4913	61.858257
4914	61.179523
4915	61.887787
4916	61.941235
4917	61.910095
4918	61.871021
4919	60.853466
4920	61.314758
4921	60.106255
4922	61.142914
4923	61.949818
4924	62.686596
4925	62.230995
4926	61.765678
4927	62.147999
4928	61.224438
4929	61.776306
4930	61.391968
4931	61.157234
4932	60.938316
4933	61.288963
4934	61.604279
4935	61.473358
4936	61.053734
4937	61.205574
4938	61.142651
4939	61.110157
4940	60.740387
4941	59.294861
4942	61.422199
4943	61.182812
4944	61.473286
4945	61.286812
4946	61.805683
4947	61.914101
4948	60.597099
4949	61.107933
4950	61.602703
4951	61.404469
4952	61.799206
4953	61.188759
4954	60.771996
4955	61.202789
4956	61.121418
4957	61.715923
4958	61.342079
4959	61.170387
4960	60.856739
4961	60.845467
4962	59.982552
4963	61.105919
4964	61.183891
4965	62.004417
4966	60.661102
4967	61.450603
4968	61.426495
4969	61.017357
4970	61.182362
4971	60.894264
4972	61.138680
4973	61.655571
4974	61.650654
4975	61.327568
4976	60.705738
4977	61.608234
4978	62.162647
4979	60.838707
4980	59.713543
4981	60.864815
4982	60.330730
4983	62.100945
4984	62.175835
4985	61.962868
4986	61.439125
4987	62.221996
4988	62.188995
4989	62.094227
4990	61.846363
4991	61.595207
4992	61.330208
4993	61.043175
4994	62.185230
4995	61.577736
4996	61.684204
4997	62.380260
4998	61.466785
4999	62.034599
