0	52.505264
0	54.269474
1	56.801842
2	56.828156
3	58.357620
4	58.513683
5	59.828156
6	59.911320
7	59.912109
8	60.041325
9	60.041325
10	60.041325
11	60.041325
12	60.041325
13	60.586048
14	60.586048
15	60.586048
16	60.586048
17	60.586048
18	60.586048
19	60.586048
20	60.586048
21	60.586048
22	60.586048
23	60.586048
24	61.271069
25	61.396061
26	61.396061
27	61.427639
28	61.427639
29	61.427639
30	61.427639
31	61.427639
32	61.427639
33	61.427639
34	61.427639
35	61.427639
36	61.427639
37	61.427639
38	61.427639
39	61.427639
40	61.427639
41	61.427639
42	61.427639
43	61.427639
44	61.427639
45	61.427639
46	61.427639
47	61.427639
48	61.427639
49	61.427639
50	61.427639
51	61.427639
52	61.427639
53	61.427639
54	61.427639
55	61.427639
56	61.427639
57	61.427639
58	61.427639
59	61.427639
60	61.427639
61	61.427639
62	61.427639
63	61.427639
64	61.427639
65	61.427639
66	61.427639
67	61.427639
68	61.427639
69	61.427639
70	61.427639
71	61.427639
72	61.427639
73	61.427639
74	61.427639
75	61.427639
76	61.427639
77	61.427639
78	61.427639
79	61.427639
80	61.427639
81	61.427639
82	61.427639
83	61.427639
84	61.427639
85	61.427639
86	61.427639
87	61.427639
88	61.427639
89	61.427639
90	61.427639
91	61.427639
92	61.427639
93	61.427639
94	61.427639
95	61.427639
96	61.427639
97	61.427639
98	61.427639
99	61.427639
100	61.427639
101	61.427639
102	61.427639
103	61.427639
104	61.427639
105	61.427639
106	61.427639
107	61.427639
108	61.427639
109	61.427639
110	61.427639
111	61.427639
112	61.427639
113	61.427639
114	61.427639
115	61.427639
116	61.427639
117	61.427639
118	61.427639
119	61.427639
120	61.427639
121	61.427639
122	61.427639
123	61.427639
124	61.427639
125	61.427639
126	61.427639
127	61.427639
128	61.427639
129	61.427639
130	61.427639
131	61.427639
132	61.427639
133	61.427639
134	61.427639
135	61.427639
136	61.427639
137	61.427639
138	61.427639
139	61.427639
140	61.427639
141	61.427639
142	61.427639
143	61.427639
144	61.427639
145	61.427639
146	61.427639
147	61.427639
148	61.427639
149	61.427639
150	61.427639
151	61.427639
152	61.427639
153	61.427639
154	61.427639
155	61.427639
156	61.427639
157	61.427639
158	61.427639
159	61.427639
160	61.427639
161	61.427639
162	61.427639
163	61.427639
164	61.427639
165	61.427639
166	61.427639
167	61.427639
168	61.427639
169	61.427639
170	61.427639
171	61.427639
172	61.427639
173	61.427639
174	61.427639
175	61.427639
176	61.427639
177	61.427639
178	61.427639
179	61.427639
180	61.427639
181	61.427639
182	61.427639
183	61.427639
184	61.427639
185	61.427639
186	61.427639
187	61.427639
188	61.427639
189	61.427639
190	61.427639
191	61.427639
192	61.427639
193	61.427639
194	61.427639
195	61.427639
196	61.427639
197	61.427639
198	61.427639
199	61.427639
200	61.427639
201	61.427639
202	61.427639
203	61.427639
204	61.427639
205	61.427639
206	61.427639
207	61.427639
208	61.427639
209	61.427639
210	61.427639
211	61.427639
212	61.427639
213	61.427639
214	61.427639
215	61.427639
216	61.427639
217	61.427639
218	61.427639
219	61.427639
220	61.427639
221	61.427639
222	61.427639
223	61.427639
224	61.427639
225	61.427639
226	61.427639
227	61.427639
228	61.427639
229	61.427639
230	61.427639
231	61.427639
232	61.427639
233	61.427639
234	61.427639
235	61.427639
236	61.427639
237	61.427639
238	61.427639
239	61.427639
240	61.427639
241	61.427639
242	61.427639
243	61.427639
244	61.427639
245	61.427639
246	61.427639
247	61.427639
248	61.427639
249	61.427639
250	61.427639
251	61.427639
252	61.427639
253	61.427639
254	61.427639
255	61.427639
256	61.427639
257	61.427639
258	61.427639
259	61.427639
260	61.427639
261	61.427639
262	61.427639
263	61.427639
264	61.427639
265	61.427639
266	61.427639
267	61.427639
268	61.427639
269	61.427639
270	61.427639
271	61.427639
272	61.427639
273	61.427639
274	61.427639
275	61.427639
276	61.427639
277	61.427639
278	61.427639
279	61.427639
280	61.427639
281	61.427639
282	61.427639
283	61.427639
284	61.427639
285	61.427639
286	61.427639
287	61.427639
288	61.427639
289	61.427639
290	61.427639
291	61.427639
292	61.427639
293	61.427639
294	61.427639
295	61.427639
296	61.427639
297	61.427639
298	61.427639
299	61.427639
300	61.427639
301	61.427639
302	61.427639
303	61.427639
304	61.427639
305	61.427639
306	61.427639
307	61.427639
308	61.427639
309	61.427639
310	61.427639
311	61.427639
312	61.427639
313	61.427639
314	61.427639
315	61.427639
316	61.427639
317	61.427639
318	61.427639
319	61.427639
320	61.427639
321	61.427639
322	61.427639
323	61.427639
324	61.427639
325	61.427639
326	61.427639
327	61.427639
328	61.427639
329	61.427639
330	61.427639
331	61.427639
332	61.427639
333	61.427639
334	61.427639
335	61.427639
336	61.427639
337	61.427639
338	61.427639
339	61.427639
340	61.427639
341	61.427639
342	61.427639
343	61.427639
344	61.427639
345	61.427639
346	61.427639
347	61.427639
348	61.427639
349	61.427639
350	61.427639
351	61.427639
352	61.427639
353	61.427639
354	61.427639
355	61.427639
356	61.427639
357	61.427639
358	61.427639
359	61.427639
360	61.427639
361	61.427639
362	61.427639
363	61.427639
364	61.427639
365	61.427639
366	61.427639
367	61.427639
368	61.427639
369	61.427639
370	61.427639
371	61.427639
372	61.427639
373	61.427639
374	61.427639
375	61.427639
376	61.427639
377	61.427639
378	61.427639
379	61.427639
380	65.247375
381	65.247375
382	65.409485
383	65.409485
384	65.409485
385	65.409485
386	65.409485
387	65.409485
388	65.409485
389	65.415558
390	65.711067
391	66.515274
392	66.625267
393	66.626854
394	66.626854
395	66.626854
396	66.626854
397	66.626854
398	66.626854
399	66.626854
400	66.626854
401	66.645798
402	66.645798
403	66.645798
404	66.645798
405	66.645798
406	66.645798
407	66.645798
408	66.645798
409	66.645798
410	66.645798
411	66.645798
412	66.645798
413	66.645798
414	66.645798
415	66.645798
416	66.645798
417	66.645798
418	66.645798
419	66.645798
420	66.645798
421	66.645798
422	66.679482
423	66.679482
424	66.679482
425	66.679482
426	66.679482
427	66.679482
428	66.679482
429	66.679482
430	66.679482
431	66.679482
432	66.679482
433	66.679482
434	66.679482
435	66.679482
436	66.679482
437	66.679482
438	66.679482
439	66.679482
440	66.679482
441	66.679482
442	66.679482
443	66.679482
444	66.679482
445	66.679482
446	66.679482
447	66.679482
448	66.679482
449	66.679482
450	66.679482
451	66.679482
452	66.679482
453	66.679482
454	66.679482
455	66.679482
456	66.679482
457	66.679482
458	66.679482
459	66.679482
460	66.679482
461	66.679482
462	66.679482
463	66.679482
464	66.679482
465	66.679482
466	66.679482
467	66.679482
468	66.679482
469	66.679482
470	66.679482
471	66.679482
472	66.679482
473	66.679482
474	66.679482
475	66.679482
476	66.679482
477	66.679482
478	66.679482
479	66.679482
480	66.679482
481	66.679482
482	66.679482
483	66.679482
484	66.679482
485	66.679482
486	66.679482
487	66.679482
488	66.679482
489	66.679482
490	66.679482
491	66.679482
492	66.679482
493	66.679482
494	66.679482
495	66.679482
496	66.679482
497	66.679482
498	66.679482
499	66.679482
500	66.679482
501	66.679482
502	66.679482
503	66.679482
504	66.679482
505	66.679482
506	66.679482
507	66.679482
508	66.679482
509	66.679482
510	66.679482
511	66.679482
512	66.679482
513	66.679482
514	66.679482
515	66.679482
516	66.679482
517	66.679482
518	66.679482
519	66.679482
520	66.679482
521	66.679482
522	66.679482
523	66.679482
524	66.679482
525	66.679482
526	66.679482
527	66.679482
528	66.679482
529	66.679482
530	66.679482
531	66.679482
532	66.679482
533	66.679482
534	66.679482
535	66.679482
536	66.679482
537	66.679482
538	66.679482
539	66.679482
540	66.679482
541	66.679482
542	66.679482
543	66.679482
544	66.679482
545	66.679482
546	66.679482
547	66.679482
548	66.679482
549	66.679482
550	66.679482
551	66.679482
552	66.679482
553	66.679482
554	66.679482
555	66.679482
556	66.679482
557	66.679482
558	66.679482
559	66.679482
560	66.679482
561	66.679482
562	66.679482
563	66.679482
564	66.679482
565	66.679482
566	66.679482
567	66.679482
568	66.679482
569	66.679482
570	66.679482
571	66.679482
572	66.679482
573	66.679482
574	66.679482
575	66.679482
576	66.679482
577	66.679482
578	66.679482
579	66.679482
580	66.679482
581	66.679482
582	66.679482
583	66.987900
584	67.011322
585	67.011322
586	67.011322
587	67.011322
588	67.011322
589	67.011322
590	67.011322
591	67.011322
592	67.108162
593	67.108162
594	67.108162
595	67.108162
596	67.108162
597	67.108162
598	67.108162
599	67.108162
600	67.108162
601	67.108162
602	67.108162
603	67.108162
604	67.108162
605	67.108162
606	67.108162
607	67.108162
608	67.108162
609	67.108162
610	67.108162
611	67.108162
612	67.108162
613	67.108162
614	67.108162
615	67.108162
616	67.108162
617	67.108162
618	67.108162
619	67.108162
620	67.108162
621	67.108162
622	67.108162
623	67.108162
624	67.108162
625	67.108162
626	67.108162
627	67.108162
628	67.108162
629	67.108162
630	67.108162
631	67.108162
632	67.108162
633	67.108162
634	67.108162
635	67.108162
636	67.108162
637	67.108162
638	67.108162
639	67.108162
640	67.108162
641	67.108162
642	67.108162
643	67.108162
644	67.108162
645	67.108162
646	67.108162
647	67.313408
648	67.313408
649	67.393669
650	67.393669
651	67.393669
652	67.393669
653	67.393669
654	67.393669
655	67.393669
656	67.393669
657	67.393669
658	67.393669
659	67.393669
660	67.393669
661	67.393669
662	67.393669
663	67.393669
664	67.393669
665	67.393669
666	67.393669
667	67.393669
668	67.393669
669	67.393669
670	67.393669
671	67.393669
672	67.393669
673	67.393669
674	67.393669
675	67.393669
676	67.393669
677	67.393669
678	67.393669
679	67.393669
680	67.393669
681	67.393669
682	67.393669
683	67.393669
684	67.393669
685	67.393669
686	67.393669
687	67.393669
688	67.393669
689	67.393669
690	67.393669
691	67.393669
692	67.393669
693	67.393669
694	67.393669
695	67.393669
696	67.393669
697	67.393669
698	67.393669
699	67.393669
700	67.393669
701	67.393669
702	67.393669
703	67.393669
704	67.393669
705	67.393669
706	67.393669
707	67.393669
708	67.393669
709	67.393669
710	67.393669
711	67.393669
712	67.393669
713	67.393669
714	67.393669
715	67.393669
716	67.393669
717	67.393669
718	67.393669
719	67.393669
720	67.393669
721	67.393669
722	67.393669
723	67.393669
724	67.393669
725	67.393669
726	67.393669
727	67.393669
728	67.393669
729	67.393669
730	67.393669
731	67.393669
732	67.393669
733	67.393669
734	67.393669
735	67.393669
736	67.393669
737	67.393669
738	67.393669
739	67.393669
740	67.393669
741	67.393669
742	67.393669
743	67.393669
744	67.393669
745	67.393669
746	67.393669
747	67.393669
748	67.393669
749	67.393669
750	67.393669
751	67.393669
752	67.393669
753	67.393669
754	67.393669
755	67.393669
756	67.393669
757	67.393669
758	67.393669
759	67.393669
760	67.393669
761	67.393669
762	67.393669
763	67.393669
764	67.393669
765	67.393669
766	67.393669
767	67.393669
768	67.393669
769	67.393669
770	67.393669
771	67.393669
772	67.393669
773	67.393669
774	67.393669
775	67.393669
776	67.393669
777	67.393669
778	67.393669
779	67.393669
780	67.393669
781	67.393669
782	67.393669
783	67.393669
784	67.393669
785	67.393669
786	67.393669
787	67.393669
788	67.393669
789	67.393669
790	67.393669
791	67.393669
792	67.393669
793	67.393669
794	67.393669
795	67.393669
796	67.393669
797	67.393669
798	67.393669
799	67.393669
800	67.393669
801	67.393669
802	67.393669
803	67.393669
804	67.393669
805	67.393669
806	67.393669
807	67.393669
808	67.393669
809	67.393669
810	67.393669
811	67.393669
812	67.393669
813	67.393669
814	67.393669
815	67.393669
816	67.393669
817	67.393669
818	67.393669
819	67.393669
820	67.393669
821	67.393669
822	67.393669
823	67.393669
824	67.393669
825	67.393669
826	67.393669
827	67.393669
828	67.393669
829	67.393669
830	67.393669
831	67.393669
832	67.393669
833	67.393669
834	67.393669
835	67.393669
836	67.393669
837	67.393669
838	67.393669
839	67.393669
840	67.393669
841	67.393669
842	67.393669
843	67.393669
844	67.393669
845	67.393669
846	67.393669
847	67.393669
848	67.393669
849	67.393669
850	67.393669
851	67.393669
852	67.393669
853	67.393669
854	67.393669
855	67.393669
856	67.393669
857	67.393669
858	67.393669
859	67.393669
860	67.393669
861	67.393669
862	67.393669
863	67.393669
864	67.393669
865	67.393669
866	67.393669
867	67.393669
868	67.393669
869	67.393669
870	67.393669
871	67.393669
872	67.393669
873	67.393669
874	67.393669
875	67.393669
876	67.393669
877	67.393669
878	67.393669
879	67.393669
880	67.393669
881	67.393669
882	67.393669
883	67.393669
884	67.393669
885	67.393669
886	67.393669
887	67.393669
888	67.393669
889	67.393669
890	67.393669
891	67.393669
892	67.393669
893	67.393669
894	67.393669
895	67.393669
896	67.393669
897	67.393669
898	67.393669
899	67.393669
900	67.393669
901	67.393669
902	67.393669
903	67.393669
904	67.393669
905	67.393669
906	67.393669
907	67.393669
908	67.393669
909	67.393669
910	67.393669
911	67.393669
912	67.393669
913	67.393669
914	67.393669
915	67.393669
916	67.393669
917	67.393669
918	67.393669
919	67.393669
920	67.393669
921	67.393669
922	67.393669
923	67.393669
924	67.393669
925	67.393669
926	67.393669
927	67.393669
928	67.393669
929	67.393669
930	67.393669
931	67.393669
932	67.393669
933	67.393669
934	67.393669
935	67.393669
936	67.393669
937	67.393669
938	67.393669
939	67.393669
940	67.393669
941	67.393669
942	67.393669
943	67.393669
944	67.393669
945	67.393669
946	67.393669
947	67.393669
948	67.393669
949	67.393669
950	67.393669
951	67.393669
952	67.393669
953	67.393669
954	67.393669
955	67.393669
956	67.393669
957	67.393669
958	67.393669
959	67.393669
960	67.393669
961	67.393669
962	67.393669
963	67.393669
964	67.393669
965	67.393669
966	67.393669
967	67.393669
968	67.393669
969	67.393669
970	67.393669
971	67.393669
972	67.393669
973	67.393669
974	67.393669
975	67.393669
976	67.393669
977	67.393669
978	67.393669
979	67.393669
980	67.393669
981	67.393669
982	67.393669
983	67.393669
984	67.393669
985	67.393669
986	67.393669
987	67.393669
988	67.393669
989	67.393669
990	67.393669
991	67.393669
992	67.393669
993	67.393669
994	67.393669
995	67.393669
996	67.393669
997	67.393669
998	67.393669
999	67.393669
1000	67.393669
1000	67.393669
1000	67.393669
1001	67.393669
1002	67.393669
1003	67.393669
1004	67.393669
1005	67.393669
1006	67.393669
1007	67.393669
1008	67.393669
1009	67.393669
1010	67.393669
1011	67.393669
1012	67.393669
1013	67.393669
1014	67.393669
1015	67.393669
1016	67.393669
1017	67.393669
1018	67.393669
1019	67.393669
1020	67.393669
1021	67.393669
1022	67.393669
1023	67.393669
1024	67.393669
1025	67.393669
1026	67.393669
1027	67.393669
1028	67.393669
1029	67.393669
1030	67.393669
1031	67.393669
1032	67.393669
1033	67.393669
1034	67.393669
1035	67.393669
1036	67.393669
1037	67.393669
1038	67.393669
1039	67.393669
1040	67.393669
1041	67.393669
1042	67.393669
1043	67.393669
1044	67.393669
1045	67.393669
1046	67.393669
1047	67.393669
1048	67.393669
1049	67.393669
1050	67.393669
1051	67.393669
1052	67.393669
1053	67.393669
1054	67.393669
1055	67.393669
1056	67.393669
1057	67.393669
1058	67.393669
1059	67.393669
1060	67.393669
1061	67.393669
1062	67.393669
1063	67.393669
1064	67.393669
1065	67.393669
1066	67.393669
1067	67.393669
1068	67.393669
1069	67.393669
1070	67.393669
1071	67.393669
1072	67.393669
1073	67.393669
1074	67.393669
1075	67.393669
1076	67.393669
1077	67.393669
1078	67.393669
1079	67.393669
1080	67.393669
1081	67.393669
1082	67.393669
1083	67.393669
1084	67.393669
1085	67.393669
1086	67.393669
1087	67.393669
1088	67.393669
1089	67.393669
1090	67.393669
1091	67.393669
1092	67.393669
1093	67.393669
1094	67.393669
1095	67.393669
1096	67.393669
1097	67.393669
1098	67.393669
1099	67.393669
1100	67.393669
1101	67.393669
1102	67.393669
1103	67.393669
1104	67.393669
1105	67.393669
1106	67.393669
1107	67.393669
1108	67.393669
1109	67.393669
1110	67.393669
1111	67.393669
1112	67.393669
1113	67.393669
1114	67.393669
1115	67.393669
1116	67.393669
1117	67.393669
1118	67.393669
1119	67.393669
1120	67.393669
1121	67.393669
1122	67.393669
1123	67.393669
1124	67.393669
1125	67.393669
1126	67.393669
1127	67.393669
1128	67.393669
1129	67.393669
1130	67.393669
1131	67.393669
1132	67.393669
1133	67.393669
1134	67.393669
1135	67.393669
1136	67.393669
1137	67.393669
1138	67.393669
1139	67.393669
1140	67.393669
1141	67.393669
1142	67.393669
1143	67.393669
1144	67.393669
1145	67.393669
1146	67.393669
1147	67.393669
1148	67.393669
1149	67.393669
1150	67.393669
1151	67.393669
1152	67.393669
1153	67.393669
1154	67.393669
1155	67.393669
1156	67.393669
1157	67.393669
1158	67.393669
1159	67.393669
1160	67.393669
1161	67.393669
1162	67.393669
1163	67.393669
1164	67.393669
1165	67.393669
1166	67.393669
1167	67.393669
1168	67.393669
1169	67.393669
1170	67.393669
1171	67.393669
1172	67.393669
1173	67.393669
1174	67.393669
1175	67.393669
1176	67.393669
1177	67.393669
1178	67.393669
1179	67.393669
1180	67.393669
1181	67.393669
1182	67.393669
1183	67.393669
1184	67.393669
1185	67.393669
1186	67.393669
1187	67.393669
1188	67.393669
1189	67.393669
1190	67.393669
1191	67.393669
1192	67.393669
1193	67.393669
1194	67.393669
1195	67.393669
1196	67.393669
1197	67.393669
1198	67.393669
1199	67.393669
1200	67.393669
1201	67.393669
1202	67.393669
1203	67.393669
1204	67.393669
1205	67.393669
1206	67.393669
1207	67.393669
1208	67.393669
1209	67.393669
1210	67.393669
1211	67.393669
1212	67.393669
1213	67.393669
1214	67.393669
1215	67.393669
1216	67.393669
1217	67.393669
1218	67.393669
1219	67.393669
1220	67.393669
1221	67.393669
1222	67.393669
1223	67.393669
1224	67.393669
1225	67.393669
1226	67.393669
1227	67.393669
1228	67.393669
1229	67.393669
1230	67.393669
1231	67.393669
1232	67.393669
1233	67.393669
1234	67.393669
1235	67.393669
1236	67.393669
1237	67.393669
1238	67.393669
1239	67.393669
1240	67.393669
1241	67.393669
1242	67.393669
1243	67.393669
1244	67.393669
1245	67.393669
1246	67.393669
1247	67.393669
1248	67.393669
1249	67.393669
1250	67.393669
1251	67.393669
1252	67.393669
1253	67.393669
1254	67.393669
1255	67.393669
1256	67.393669
1257	67.393669
1258	67.393669
1259	67.393669
1260	67.393669
1261	67.393669
1262	67.393669
1263	67.393669
1264	67.393669
1265	67.393669
1266	67.393669
1267	67.393669
1268	67.393669
1269	67.393669
1270	67.393669
1271	67.393669
1272	67.393669
1273	67.393669
1274	67.393669
1275	67.393669
1276	67.393669
1277	67.393669
1278	67.393669
1279	67.393669
1280	67.393669
1281	67.393669
1282	67.393669
1283	67.393669
1284	67.393669
1285	67.393669
1286	67.393669
1287	67.393669
1288	67.393669
1289	67.393669
1290	67.393669
1291	67.393669
1292	67.393669
1293	67.393669
1294	67.393669
1295	67.393669
1296	67.393669
1297	67.393669
1298	67.393669
1299	67.393669
1300	67.393669
1301	67.393669
1302	67.393669
1303	67.393669
1304	67.393669
1305	67.393669
1306	67.393669
1307	67.393669
1308	67.393669
1309	67.393669
1310	67.393669
1311	67.393669
1312	67.393669
1313	67.393669
1314	67.393669
1315	67.393669
1316	67.393669
1317	67.393669
1318	67.393669
1319	67.393669
1320	67.393669
1321	67.393669
1322	67.393669
1323	67.393669
1324	67.393669
1325	67.393669
1326	67.393669
1327	67.393669
1328	67.393669
1329	67.393669
1330	67.393669
1331	67.393669
1332	67.393669
1333	67.393669
1334	67.393669
1335	67.393669
1336	67.393669
1337	67.393669
1338	67.393669
1339	67.393669
1340	67.393669
1341	67.393669
1342	67.393669
1343	67.393669
1344	67.393669
1345	67.393669
1346	67.393669
1347	67.393669
1348	67.393669
1349	67.393669
1350	67.393669
1351	67.393669
1352	67.393669
1353	67.393669
1354	67.393669
1355	67.393669
1356	67.393669
1357	67.393669
1358	67.393669
1359	67.393669
1360	67.393669
1361	67.393669
1362	67.393669
1363	67.393669
1364	67.393669
1365	67.393669
1366	67.393669
1367	67.393669
1368	67.393669
1369	67.393669
1370	67.393669
1371	67.393669
1372	67.393669
1373	67.393669
1374	67.393669
1375	67.393669
1376	67.393669
1377	67.393669
1378	67.393669
1379	67.393669
1380	67.393669
1381	67.393669
1382	67.393669
1383	67.393669
1384	67.393669
1385	67.393669
1386	67.393669
1387	67.393669
1388	67.393669
1389	67.393669
1390	67.393669
1391	67.393669
1392	67.393669
1393	67.393669
1394	67.393669
1395	67.393669
1396	67.393669
1397	67.393669
1398	67.393669
1399	67.393669
1400	67.393669
1401	67.393669
1402	67.393669
1403	67.393669
1404	67.393669
1405	67.393669
1406	67.393669
1407	67.393669
1408	67.393669
1409	67.393669
1410	67.393669
1411	67.393669
1412	67.393669
1413	67.393669
1414	67.393669
1415	67.393669
1416	67.393669
1417	67.393669
1418	67.393669
1419	67.393669
1420	67.393669
1421	67.393669
1422	67.393669
1423	67.393669
1424	67.393669
1425	67.393669
1426	67.393669
1427	67.393669
1428	67.393669
1429	67.393669
1430	67.393669
1431	67.393669
1432	67.393669
1433	67.393669
1434	67.393669
1435	67.393669
1436	67.393669
1437	67.393669
1438	67.393669
1439	67.393669
1440	67.393669
1441	67.393669
1442	67.393669
1443	67.393669
1444	67.393669
1445	67.393669
1446	67.393669
1447	67.393669
1448	67.393669
1449	67.393669
1450	67.393669
1451	67.393669
1452	67.393669
1453	67.393669
1454	67.393669
1455	67.393669
1456	67.393669
1457	67.393669
1458	67.393669
1459	67.393669
1460	67.393669
1461	67.393669
1462	67.393669
1463	67.393669
1464	67.393669
1465	67.393669
1466	67.393669
1467	67.393669
1468	67.393669
1469	67.393669
1470	67.393669
1471	67.393669
1472	67.393669
1473	67.393669
1474	67.393669
1475	67.393669
1476	67.393669
1477	67.393669
1478	67.393669
1479	67.393669
1480	67.393669
1481	67.393669
1482	67.393669
1483	67.393669
1484	67.393669
1485	67.393669
1486	67.393669
1487	67.393669
1488	67.393669
1489	67.393669
1490	67.393669
1491	67.393669
1492	67.393669
1493	67.393669
1494	67.393669
1495	67.393669
1496	67.393669
1497	67.393669
1498	67.393669
1499	67.393669
1500	67.393669
1501	67.393669
1502	67.393669
1503	67.393669
1504	67.393669
1505	67.393669
1506	67.393669
1507	67.393669
1508	67.393669
1509	67.393669
1510	67.393669
1511	67.393669
1512	67.393669
1513	67.393669
1514	67.393669
1515	67.393669
1516	67.393669
1517	67.393669
1518	67.393669
1519	67.393669
1520	67.393669
1521	67.393669
1522	67.393669
1523	67.393669
1524	67.393669
1525	67.393669
1526	67.393669
1527	67.393669
1528	67.393669
1529	67.393669
1530	67.393669
1531	67.393669
1532	67.393669
1533	67.393669
1534	67.393669
1535	67.393669
1536	67.393669
1537	67.393669
1538	67.393669
1539	67.393669
1540	67.393669
1541	67.393669
1542	67.393669
1543	67.393669
1544	67.393669
1545	67.393669
1546	67.393669
1547	67.393669
1548	67.393669
1549	67.393669
1550	67.393669
1551	67.393669
1552	67.393669
1553	67.393669
1554	67.393669
1555	67.393669
1556	67.393669
1557	67.393669
1558	67.393669
1559	67.393669
1560	67.393669
1561	67.393669
1562	67.393669
1563	67.393669
1564	67.393669
1565	67.393669
1566	67.393669
1567	67.393669
1568	67.393669
1569	67.393669
1570	67.393669
1571	67.393669
1572	67.393669
1573	67.393669
1574	67.393669
1575	67.393669
1576	67.393669
1577	67.393669
1578	67.393669
1579	67.393669
1580	67.393669
1581	67.393669
1582	67.393669
1583	67.393669
1584	67.393669
1585	67.393669
1586	67.393669
1587	67.393669
1588	67.393669
1589	67.393669
1590	67.393669
1591	67.393669
1592	67.393669
1593	67.393669
1594	67.393669
1595	67.393669
1596	67.393669
1597	67.393669
1598	67.393669
1599	67.393669
1600	67.393669
1601	67.393669
1602	67.393669
1603	67.393669
1604	67.393669
1605	67.393669
1606	67.393669
1607	67.393669
1608	67.393669
1609	67.393669
1610	67.393669
1611	67.393669
1612	67.393669
1613	67.393669
1614	67.393669
1615	67.393669
1616	67.393669
1617	67.393669
1618	67.393669
1619	67.393669
1620	67.393669
1621	67.393669
1622	67.393669
1623	67.393669
1624	67.393669
1625	67.393669
1626	67.393669
1627	67.393669
1628	67.393669
1629	67.393669
1630	67.393669
1631	67.393669
1632	67.393669
1633	67.393669
1634	67.393669
1635	67.393669
1636	67.393669
1637	67.393669
1638	67.393669
1639	67.393669
1640	67.393669
1641	67.393669
1642	67.393669
1643	67.393669
1644	67.393669
1645	67.468933
1646	67.468933
1647	67.468933
1648	67.468933
1649	67.468933
1650	67.468933
1651	67.468933
1652	67.468933
1653	67.468933
1654	67.468933
1655	67.468933
1656	67.468933
1657	67.468933
1658	67.468933
1659	67.468933
1660	67.468933
1661	67.468933
1662	67.468933
1663	67.468933
1664	67.468933
1665	67.468933
1666	67.468933
1667	67.468933
1668	67.468933
1669	67.468933
1670	67.468933
1671	67.468933
1672	67.468933
1673	67.468933
1674	67.468933
1675	67.468933
1676	67.468933
1677	67.468933
1678	67.468933
1679	67.468933
1680	67.468933
1681	67.468933
1682	67.468933
1683	67.468933
1684	67.468933
1685	67.468933
1686	67.468933
1687	67.468933
1688	67.468933
1689	67.468933
1690	67.468933
1691	67.468933
1692	67.468933
1693	67.468933
1694	67.468933
1695	67.468933
1696	67.468933
1697	67.468933
1698	67.468933
1699	67.468933
1700	67.468933
1701	67.468933
1702	67.468933
1703	67.468933
1704	67.468933
1705	67.468933
1706	67.468933
1707	67.468933
1708	67.468933
1709	67.468933
1710	67.468933
1711	67.468933
1712	67.468933
1713	67.468933
1714	67.468933
1715	67.468933
1716	67.468933
1717	67.468933
1718	67.468933
1719	67.468933
1720	67.468933
1721	67.468933
1722	67.468933
1723	67.468933
1724	67.468933
1725	67.468933
1726	67.468933
1727	67.468933
1728	67.468933
1729	67.468933
1730	67.468933
1731	67.468933
1732	67.468933
1733	67.468933
1734	67.468933
1735	67.468933
1736	67.468933
1737	67.468933
1738	67.468933
1739	67.468933
1740	67.468933
1741	67.468933
1742	67.468933
1743	67.468933
1744	67.468933
1745	67.468933
1746	67.468933
1747	67.468933
1748	67.468933
1749	67.468933
1750	67.468933
1751	67.468933
1752	67.468933
1753	67.468933
1754	67.468933
1755	67.468933
1756	67.468933
1757	67.468933
1758	67.468933
1759	67.468933
1760	67.468933
1761	67.468933
1762	67.468933
1763	67.468933
1764	67.468933
1765	67.468933
1766	67.468933
1767	67.468933
1768	67.468933
1769	67.468933
1770	67.468933
1771	67.468933
1772	67.468933
1773	67.468933
1774	67.468933
1775	67.468933
1776	67.468933
1777	67.468933
1778	67.468933
1779	67.468933
1780	67.468933
1781	67.468933
1782	67.468933
1783	67.468933
1784	67.468933
1785	67.468933
1786	67.468933
1787	67.468933
1788	67.468933
1789	67.468933
1790	67.468933
1791	67.468933
1792	67.468933
1793	67.468933
1794	67.468933
1795	67.468933
1796	67.468933
1797	67.468933
1798	67.468933
1799	67.468933
1800	67.468933
1801	67.468933
1802	67.468933
1803	67.468933
1804	67.468933
1805	67.468933
1806	67.468933
1807	67.468933
1808	67.468933
1809	67.468933
1810	67.468933
1811	67.468933
1812	67.468933
1813	67.468933
1814	67.468933
1815	67.468933
1816	67.468933
1817	67.468933
1818	67.468933
1819	67.468933
1820	67.468933
1821	67.468933
1822	67.468933
1823	67.468933
1824	67.468933
1825	67.468933
1826	67.468933
1827	67.468933
1828	67.468933
1829	67.468933
1830	67.468933
1831	67.468933
1832	67.468933
1833	67.468933
1834	67.468933
1835	67.468933
1836	67.468933
1837	67.468933
1838	67.468933
1839	67.468933
1840	67.468933
1841	67.468933
1842	67.468933
1843	67.468933
1844	67.468933
1845	67.468933
1846	67.468933
1847	67.468933
1848	67.468933
1849	67.468933
1850	67.468933
1851	67.468933
1852	67.468933
1853	67.468933
1854	67.468933
1855	67.468933
1856	67.468933
1857	67.468933
1858	67.468933
1859	67.468933
1860	67.468933
1861	67.468933
1862	67.468933
1863	67.468933
1864	67.468933
1865	67.468933
1866	67.468933
1867	67.468933
1868	67.468933
1869	67.468933
1870	67.468933
1871	67.468933
1872	67.468933
1873	67.468933
1874	67.468933
1875	67.468933
1876	67.468933
1877	67.468933
1878	67.468933
1879	67.468933
1880	67.468933
1881	67.468933
1882	67.468933
1883	67.468933
1884	67.468933
1885	67.468933
1886	67.468933
1887	67.468933
1888	67.468933
1889	67.468933
1890	67.468933
1891	67.468933
1892	67.468933
1893	67.468933
1894	67.468933
1895	67.468933
1896	67.468933
1897	67.468933
1898	67.468933
1899	67.468933
1900	67.468933
1901	67.468933
1902	67.468933
1903	67.468933
1904	67.468933
1905	67.468933
1906	67.468933
1907	67.468933
1908	67.468933
1909	67.468933
1910	67.468933
1911	67.468933
1912	67.468933
1913	67.468933
1914	67.468933
1915	67.468933
1916	67.468933
1917	67.468933
1918	67.468933
1919	67.468933
1920	67.468933
1921	67.468933
1922	67.468933
1923	67.468933
1924	67.468933
1925	67.468933
1926	67.468933
1927	67.468933
1928	67.468933
1929	67.468933
1930	67.468933
1931	67.468933
1932	67.468933
1933	67.468933
1934	67.468933
1935	67.468933
1936	67.468933
1937	67.468933
1938	67.468933
1939	67.468933
1940	67.468933
1941	67.468933
1942	67.468933
1943	67.468933
1944	67.468933
1945	67.468933
1946	67.468933
1947	67.468933
1948	67.468933
1949	67.468933
1950	67.468933
1951	67.468933
1952	67.468933
1953	67.468933
1954	67.468933
1955	67.468933
1956	67.468933
1957	67.468933
1958	67.468933
1959	67.468933
1960	67.468933
1961	67.468933
1962	67.468933
1963	67.468933
1964	67.468933
1965	67.468933
1966	67.468933
1967	67.468933
1968	67.468933
1969	67.468933
1970	67.468933
1971	67.468933
1972	67.468933
1973	67.468933
1974	67.468933
1975	67.468933
1976	67.468933
1977	67.468933
1978	67.468933
1979	67.468933
1980	67.468933
1981	67.468933
1982	67.468933
1983	67.468933
1984	67.468933
1985	67.468933
1986	67.468933
1987	67.468933
1988	67.468933
1989	67.468933
1990	67.468933
1991	67.468933
1992	67.468933
1993	67.468933
1994	67.468933
1995	67.468933
1996	67.468933
1997	67.468933
1998	67.468933
1999	67.468933
2000	67.468933
2000	67.468933
2001	67.468933
2002	67.468933
2003	67.468933
2004	67.468933
2005	67.468933
2006	67.468933
2007	67.468933
2008	67.468933
2009	67.468933
2010	67.468933
2011	67.468933
2012	67.468933
2013	67.468933
2014	67.468933
2015	67.468933
2016	67.468933
2017	67.468933
2018	67.468933
2019	67.468933
2020	67.468933
2021	67.468933
2022	67.468933
2023	67.468933
2024	67.468933
2025	67.468933
2026	67.468933
2027	67.468933
2028	67.468933
2029	67.468933
2030	67.468933
2031	67.468933
2032	67.468933
2033	67.468933
2034	67.468933
2035	67.468933
2036	67.468933
2037	67.468933
2038	67.468933
2039	67.468933
2040	67.468933
2041	67.468933
2042	67.468933
2043	67.468933
2044	67.468933
2045	67.468933
2046	67.468933
2047	67.468933
2048	67.468933
2049	67.468933
2050	67.468933
2051	67.468933
2052	67.468933
2053	67.468933
2054	67.468933
2055	67.468933
2056	67.468933
2057	67.468933
2058	67.468933
2059	67.468933
2060	67.468933
2061	67.468933
2062	67.468933
2063	67.468933
2064	67.468933
2065	67.468933
2066	67.468933
2067	67.468933
2068	67.468933
2069	67.468933
2070	67.468933
2071	67.468933
2072	67.468933
2073	67.468933
2074	67.468933
2075	67.468933
2076	67.468933
2077	67.468933
2078	67.468933
2079	67.468933
2080	67.468933
2081	67.468933
2082	67.468933
2083	67.468933
2084	67.468933
2085	67.468933
2086	67.468933
2087	67.468933
2088	67.468933
2089	67.468933
2090	67.468933
2091	67.468933
2092	67.468933
2093	67.468933
2094	67.468933
2095	67.468933
2096	67.468933
2097	67.468933
2098	67.468933
2099	67.468933
2100	67.468933
2101	67.468933
2102	67.468933
2103	67.468933
2104	67.468933
2105	67.468933
2106	67.468933
2107	67.468933
2108	67.468933
2109	67.468933
2110	67.468933
2111	67.468933
2112	67.468933
2113	67.468933
2114	67.468933
2115	67.468933
2116	67.468933
2117	67.468933
2118	67.468933
2119	67.468933
2120	67.468933
2121	67.468933
2122	67.468933
2123	67.468933
2124	67.468933
2125	67.468933
2126	67.468933
2127	67.468933
2128	67.468933
2129	67.468933
2130	67.468933
2131	67.468933
2132	67.468933
2133	67.468933
2134	67.468933
2135	67.468933
2136	67.468933
2137	67.468933
2138	67.468933
2139	67.468933
2140	67.468933
2141	67.468933
2142	67.468933
2143	67.468933
2144	67.468933
2145	67.468933
2146	67.468933
2147	67.468933
2148	67.468933
2149	67.468933
2150	67.468933
2151	67.468933
2152	67.468933
2153	67.468933
2154	67.468933
2155	67.468933
2156	67.468933
2157	67.468933
2158	67.468933
2159	67.468933
2160	67.468933
2161	67.468933
2162	67.468933
2163	67.468933
2164	67.468933
2165	67.468933
2166	67.468933
2167	67.468933
2168	67.468933
2169	67.468933
2170	67.468933
2171	67.468933
2172	67.468933
2173	67.468933
2174	67.468933
2175	67.468933
2176	67.468933
2177	67.468933
2178	67.468933
2179	67.468933
2180	67.468933
2181	67.468933
2182	67.468933
2183	67.468933
2184	67.468933
2185	67.468933
2186	67.468933
2187	67.468933
2188	67.468933
2189	67.468933
2190	67.468933
2191	67.468933
2192	67.468933
2193	67.468933
2194	67.468933
2195	67.468933
2196	67.468933
2197	67.468933
2198	67.468933
2199	67.468933
2200	67.468933
2201	67.468933
2202	67.468933
2203	67.468933
2204	67.468933
2205	67.468933
2206	67.468933
2207	67.468933
2208	67.468933
2209	67.468933
2210	67.468933
2211	67.468933
2212	67.468933
2213	67.468933
2214	67.468933
2215	67.468933
2216	67.468933
2217	67.468933
2218	67.468933
2219	67.468933
2220	67.468933
2221	67.468933
2222	67.468933
2223	67.468933
2224	67.468933
2225	67.468933
2226	67.468933
2227	67.468933
2228	67.468933
2229	67.468933
2230	67.468933
2231	67.468933
2232	67.468933
2233	67.468933
2234	67.468933
2235	67.468933
2236	67.468933
2237	67.468933
2238	67.468933
2239	67.468933
2240	67.468933
2241	67.468933
2242	67.468933
2243	67.468933
2244	67.468933
2245	67.468933
2246	67.468933
2247	67.468933
2248	67.468933
2249	67.468933
2250	67.468933
2251	67.468933
2252	67.468933
2253	67.468933
2254	67.468933
2255	67.468933
2256	67.468933
2257	67.468933
2258	67.468933
2259	67.468933
2260	67.468933
2261	67.468933
2262	67.468933
2263	67.468933
2264	67.468933
2265	67.468933
2266	67.468933
2267	67.468933
2268	67.468933
2269	67.468933
2270	67.468933
2271	67.468933
2272	67.468933
2273	67.468933
2274	67.468933
2275	67.468933
2276	67.468933
2277	67.468933
2278	67.468933
2279	67.468933
2280	67.468933
2281	67.468933
2282	67.468933
2283	67.468933
2284	67.468933
2285	67.468933
2286	67.468933
2287	67.468933
2288	67.468933
2289	67.468933
2290	67.468933
2291	67.468933
2292	67.468933
2293	67.468933
2294	67.468933
2295	67.468933
2296	67.468933
2297	67.468933
2298	67.468933
2299	67.468933
2300	67.468933
2301	67.468933
2302	67.468933
2303	67.468933
2304	67.468933
2305	67.468933
2306	67.468933
2307	67.468933
2308	67.468933
2309	67.468933
2310	67.468933
2311	67.468933
2312	67.468933
2313	67.468933
2314	67.468933
2315	67.468933
2316	67.468933
2317	67.468933
2318	67.468933
2319	67.468933
2320	67.468933
2321	67.468933
2322	67.468933
2323	67.468933
2324	67.468933
2325	67.468933
2326	67.468933
2327	67.468933
2328	67.468933
2329	67.468933
2330	67.468933
2331	67.468933
2332	67.468933
2333	67.468933
2334	67.468933
2335	67.468933
2336	67.468933
2337	67.468933
2338	67.468933
2339	67.468933
2340	67.468933
2341	67.468933
2342	67.468933
2343	67.468933
2344	67.468933
2345	67.468933
2346	67.468933
2347	67.468933
2348	67.468933
2349	67.468933
2350	67.468933
2351	67.468933
2352	67.468933
2353	67.468933
2354	67.468933
2355	67.468933
2356	67.468933
2357	67.468933
2358	67.468933
2359	67.468933
2360	67.468933
2361	67.468933
2362	67.468933
2363	67.468933
2364	67.468933
2365	67.468933
2366	67.468933
2367	67.468933
2368	67.468933
2369	67.468933
2370	67.468933
2371	67.468933
2372	67.468933
2373	67.468933
2374	67.468933
2375	67.468933
2376	67.468933
2377	67.468933
2378	67.468933
2379	67.468933
2380	67.468933
2381	67.468933
2382	67.468933
2383	67.468933
2384	67.468933
2385	67.468933
2386	67.468933
2387	67.468933
2388	67.468933
2389	67.468933
2390	67.468933
2391	67.468933
2392	67.468933
2393	67.468933
2394	67.468933
2395	67.468933
2396	67.468933
2397	67.468933
2398	67.468933
2399	67.468933
2400	67.468933
2401	67.468933
2402	67.468933
2403	67.468933
2404	67.468933
2405	67.468933
2406	67.468933
2407	67.468933
2408	67.468933
2409	67.468933
2410	67.468933
2411	67.468933
2412	67.468933
2413	67.468933
2414	67.468933
2415	67.468933
2416	67.468933
2417	67.468933
2418	67.468933
2419	67.468933
2420	67.468933
2421	67.468933
2422	67.468933
2423	67.468933
2424	67.468933
2425	67.468933
2426	67.468933
2427	67.468933
2428	67.468933
2429	67.468933
2430	67.468933
2431	67.468933
2432	67.468933
2433	67.468933
2434	67.468933
2435	67.468933
2436	67.468933
2437	67.468933
2438	67.468933
2439	67.468933
2440	67.468933
2441	67.468933
2442	67.468933
2443	67.468933
2444	67.468933
2445	67.468933
2446	67.468933
2447	67.468933
2448	67.468933
2449	67.468933
2450	67.468933
2451	67.468933
2452	67.468933
2453	67.468933
2454	67.468933
2455	67.468933
2456	67.468933
2457	67.468933
2458	67.468933
2459	67.468933
2460	67.468933
2461	67.468933
2462	67.468933
2463	67.468933
2464	67.468933
2465	67.468933
2466	67.468933
2467	67.468933
2468	67.468933
2469	67.468933
2470	67.468933
2471	67.468933
2472	67.468933
2473	67.468933
2474	67.468933
2475	67.468933
2476	67.468933
2477	67.468933
2478	67.468933
2479	67.468933
2480	67.468933
2481	67.468933
2482	67.468933
2483	67.468933
2484	67.468933
2485	67.468933
2486	67.468933
2487	67.468933
2488	67.468933
2489	67.468933
2490	67.468933
2491	67.468933
2492	67.468933
2493	67.468933
2494	67.468933
2495	67.468933
2496	67.468933
2497	67.468933
2498	67.468933
2499	67.468933
2500	67.468933
2501	67.468933
2502	67.468933
2503	67.468933
2504	67.468933
2505	67.468933
2506	67.468933
2507	67.468933
2508	67.468933
2509	67.468933
2510	67.468933
2511	67.468933
2512	67.468933
2513	67.468933
2514	67.468933
2515	67.468933
2516	67.468933
2517	67.468933
2518	67.468933
2519	67.468933
2520	67.468933
2521	67.468933
2522	67.468933
2523	67.468933
2524	67.468933
2525	67.468933
2526	67.468933
2527	67.468933
2528	67.468933
2529	67.468933
2530	67.468933
2531	67.468933
2532	67.468933
2533	67.468933
2534	67.468933
2535	67.468933
2536	67.468933
2537	67.468933
2538	67.468933
2539	67.468933
2540	67.468933
2541	67.468933
2542	67.468933
2543	67.468933
2544	67.468933
2545	67.468933
2546	67.468933
2547	67.468933
2548	67.468933
2549	67.468933
2550	67.468933
2551	67.468933
2552	67.468933
2553	67.468933
2554	67.468933
2555	67.468933
2556	67.468933
2557	67.468933
2558	67.468933
2559	67.468933
2560	67.468933
2561	67.468933
2562	67.468933
2563	67.468933
2564	67.468933
2565	67.468933
2566	67.468933
2567	67.468933
2568	67.468933
2569	67.468933
2570	67.468933
2571	67.468933
2572	67.468933
2573	67.468933
2574	67.468933
2575	67.468933
2576	67.468933
2577	67.468933
2578	67.468933
2579	67.468933
2580	67.468933
2581	67.468933
2582	67.468933
2583	67.468933
2584	67.468933
2585	67.468933
2586	67.468933
2587	67.468933
2588	67.468933
2589	67.468933
2590	67.468933
2591	67.468933
2592	67.468933
2593	67.468933
2594	67.468933
2595	67.468933
2596	67.468933
2597	67.468933
2598	67.468933
2599	67.468933
2600	67.468933
2601	67.468933
2602	67.468933
2603	67.468933
2604	67.468933
2605	67.468933
2606	67.468933
2607	67.468933
2608	67.468933
2609	67.468933
2610	67.468933
2611	67.468933
2612	67.468933
2613	67.468933
2614	67.468933
2615	67.468933
2616	67.468933
2617	67.468933
2618	67.468933
2619	67.468933
2620	67.468933
2621	67.468933
2622	67.468933
2623	67.468933
2624	67.468933
2625	67.468933
2626	67.468933
2627	67.468933
2628	67.468933
2629	67.468933
2630	67.468933
2631	67.468933
2632	67.468933
2633	67.468933
2634	67.468933
2635	67.468933
2636	67.468933
2637	67.468933
2638	67.468933
2639	67.468933
2640	67.468933
2641	67.468933
2642	67.468933
2643	67.468933
2644	67.468933
2645	67.468933
2646	67.468933
2647	67.468933
2648	67.468933
2649	67.468933
2650	67.468933
2651	67.468933
2652	67.468933
2653	67.468933
2654	67.468933
2655	67.468933
2656	67.468933
2657	67.468933
2658	67.468933
2659	67.468933
2660	67.468933
2661	67.468933
2662	67.468933
2663	67.468933
2664	67.468933
2665	67.468933
2666	67.468933
2667	67.468933
2668	67.468933
2669	67.468933
2670	67.468933
2671	67.468933
2672	67.468933
2673	67.468933
2674	67.468933
2675	67.468933
2676	67.468933
2677	67.468933
2678	67.468933
2679	67.468933
2680	67.468933
2681	67.468933
2682	67.468933
2683	67.468933
2684	67.468933
2685	67.468933
2686	67.468933
2687	67.468933
2688	67.468933
2689	67.468933
2690	67.468933
2691	67.468933
2692	67.468933
2693	67.468933
2694	67.468933
2695	67.468933
2696	67.468933
2697	67.468933
2698	67.468933
2699	67.468933
2700	67.468933
2701	67.468933
2702	67.468933
2703	67.468933
2704	67.468933
2705	67.468933
2706	67.468933
2707	67.468933
2708	67.468933
2709	67.468933
2710	67.468933
2711	67.468933
2712	67.468933
2713	67.468933
2714	67.468933
2715	67.468933
2716	67.468933
2717	67.468933
2718	67.468933
2719	67.468933
2720	67.468933
2721	67.468933
2722	67.468933
2723	67.468933
2724	67.468933
2725	67.468933
2726	67.468933
2727	67.468933
2728	67.468933
2729	67.468933
2730	67.468933
2731	67.468933
2732	67.468933
2733	67.468933
2734	67.468933
2735	67.468933
2736	67.468933
2737	67.468933
2738	67.468933
2739	67.468933
2740	67.468933
2741	67.468933
2742	67.468933
2743	67.468933
2744	67.468933
2745	67.468933
2746	67.468933
2747	67.468933
2748	67.468933
2749	67.468933
2750	67.468933
2751	67.468933
2752	67.468933
2753	67.468933
2754	67.468933
2755	67.468933
2756	67.468933
2757	67.468933
2758	67.468933
2759	67.468933
2760	67.468933
2761	67.468933
2762	67.468933
2763	67.468933
2764	67.468933
2765	67.468933
2766	67.468933
2767	67.468933
2768	67.468933
2769	67.468933
2770	67.468933
2771	67.468933
2772	67.468933
2773	67.468933
2774	67.468933
2775	67.468933
2776	67.468933
2777	67.468933
2778	67.468933
2779	67.468933
2780	67.468933
2781	67.468933
2782	67.468933
2783	67.468933
2784	67.468933
2785	67.468933
2786	67.468933
2787	67.468933
2788	67.468933
2789	67.468933
2790	67.468933
2791	67.468933
2792	67.468933
2793	67.468933
2794	67.468933
2795	67.468933
2796	67.468933
2797	67.468933
2798	67.468933
2799	67.468933
2800	67.468933
2801	67.468933
2802	67.468933
2803	67.468933
2804	67.468933
2805	67.468933
2806	67.468933
2807	67.468933
2808	67.468933
2809	67.468933
2810	67.468933
2811	67.468933
2812	67.468933
2813	67.468933
2814	67.468933
2815	67.468933
2816	67.468933
2817	67.468933
2818	67.468933
2819	67.468933
2820	67.468933
2821	67.468933
2822	67.468933
2823	67.468933
2824	67.468933
2825	67.468933
2826	67.468933
2827	67.468933
2828	67.468933
2829	67.468933
2830	67.468933
2831	67.468933
2832	67.468933
2833	67.468933
2834	67.468933
2835	67.468933
2836	67.468933
2837	67.468933
2838	67.468933
2839	67.468933
2840	67.468933
2841	67.468933
2842	67.468933
2843	67.468933
2844	67.468933
2845	67.468933
2846	67.468933
2847	67.468933
2848	67.468933
2849	67.468933
2850	67.468933
2851	67.468933
2852	67.468933
2853	67.468933
2854	67.468933
2855	67.468933
2856	67.468933
2857	67.468933
2858	67.468933
2859	67.468933
2860	67.468933
2861	67.468933
2862	67.468933
2863	67.468933
2864	67.468933
2865	67.468933
2866	67.468933
2867	67.468933
2868	67.468933
2869	67.468933
2870	67.468933
2871	67.468933
2872	67.468933
2873	67.468933
2874	67.468933
2875	67.468933
2876	67.468933
2877	67.468933
2878	67.468933
2879	67.468933
2880	67.468933
2881	67.468933
2882	67.468933
2883	67.468933
2884	67.468933
2885	67.468933
2886	67.468933
2887	67.468933
2888	67.468933
2889	67.468933
2890	67.468933
2891	67.468933
2892	67.468933
2893	67.468933
2894	67.468933
2895	67.468933
2896	67.468933
2897	67.468933
2898	67.468933
2899	67.468933
2900	67.468933
2901	67.468933
2902	67.468933
2903	67.468933
2904	67.468933
2905	67.468933
2906	67.468933
2907	67.468933
2908	67.468933
2909	67.468933
2910	67.468933
2911	67.468933
2912	67.468933
2913	67.468933
2914	67.468933
2915	67.468933
2916	67.468933
2917	67.468933
2918	67.468933
2919	67.468933
2920	67.468933
2921	67.468933
2922	67.468933
2923	67.468933
2924	67.468933
2925	67.468933
2926	67.468933
2927	67.468933
2928	67.468933
2929	67.468933
2930	67.468933
2931	67.468933
2932	67.468933
2933	67.468933
2934	67.468933
2935	67.468933
2936	67.468933
2937	67.468933
2938	67.468933
2939	67.468933
2940	67.468933
2941	67.468933
2942	67.468933
2943	67.468933
2944	67.468933
2945	67.468933
2946	67.468933
2947	67.468933
2948	67.468933
2949	67.468933
2950	67.468933
2951	67.468933
2952	67.468933
2953	67.468933
2954	67.468933
2955	67.468933
2956	67.468933
2957	67.468933
2958	67.468933
2959	67.468933
2960	67.468933
2961	67.468933
2962	67.468933
2963	67.468933
2964	67.468933
2965	67.468933
2966	67.468933
2967	67.468933
2968	67.468933
2969	67.468933
2970	67.468933
2971	67.468933
2972	67.468933
2973	67.468933
2974	67.468933
2975	67.468933
2976	67.468933
2977	67.468933
2978	67.468933
2979	67.468933
2980	67.468933
2981	67.468933
2982	67.468933
2983	67.468933
2984	67.468933
2985	67.468933
2986	67.468933
2987	67.468933
2988	67.468933
2989	67.468933
2990	67.468933
2991	67.468933
2992	67.468933
2993	67.468933
2994	67.468933
2995	67.468933
2996	67.468933
2997	67.468933
2998	67.468933
2999	67.468933
3000	67.468933
3000	67.468933
3001	67.468933
3002	67.468933
3003	67.468933
3004	67.468933
3005	67.468933
3006	67.468933
3007	67.468933
3008	67.468933
3009	67.468933
3010	67.468933
3011	67.468933
3012	67.468933
3013	67.468933
3014	67.468933
3015	67.468933
3016	67.468933
3017	67.468933
3018	67.468933
3019	67.468933
3020	67.468933
3021	67.468933
3022	67.468933
3023	67.468933
3024	67.468933
3025	67.468933
3026	67.468933
3027	67.468933
3028	67.468933
3029	67.468933
3030	67.468933
3031	67.468933
3032	67.468933
3033	67.468933
3034	67.468933
3035	67.468933
3036	67.468933
3037	67.468933
3038	67.468933
3039	67.468933
3040	67.468933
3041	67.468933
3042	67.468933
3043	67.468933
3044	67.468933
3045	67.468933
3046	67.468933
3047	67.468933
3048	67.468933
3049	67.468933
3050	67.468933
3051	67.468933
3052	67.468933
3053	67.468933
3054	67.468933
3055	67.468933
3056	67.468933
3057	67.468933
3058	67.468933
3059	67.468933
3060	67.468933
3061	67.468933
3062	67.468933
3063	67.468933
3064	67.468933
3065	67.468933
3066	67.468933
3067	67.468933
3068	67.468933
3069	67.468933
3070	67.468933
3071	67.468933
3072	67.468933
3073	67.468933
3074	67.468933
3075	67.468933
3076	67.468933
3077	67.468933
3078	67.468933
3079	67.468933
3080	67.468933
3081	67.468933
3082	67.468933
3083	67.468933
3084	67.468933
3085	67.468933
3086	67.468933
3087	67.468933
3088	67.468933
3089	67.468933
3090	67.468933
3091	67.468933
3092	67.468933
3093	67.468933
3094	67.468933
3095	67.468933
3096	67.468933
3097	67.468933
3098	67.468933
3099	67.468933
3100	67.468933
3101	67.468933
3102	67.468933
3103	67.468933
3104	67.468933
3105	67.468933
3106	67.468933
3107	67.468933
3108	67.468933
3109	67.468933
3110	67.468933
3111	67.468933
3112	67.468933
3113	67.468933
3114	67.468933
3115	67.468933
3116	67.468933
3117	67.468933
3118	67.468933
3119	67.468933
3120	67.468933
3121	67.468933
3122	67.468933
3123	67.468933
3124	67.468933
3125	67.468933
3126	67.468933
3127	67.468933
3128	67.468933
3129	67.468933
3130	67.468933
3131	67.468933
3132	67.468933
3133	67.468933
3134	67.468933
3135	67.468933
3136	67.468933
3137	67.468933
3138	67.468933
3139	67.468933
3140	67.468933
3141	67.468933
3142	67.468933
3143	67.468933
3144	67.468933
3145	67.468933
3146	67.468933
3147	67.468933
3148	67.468933
3149	67.468933
3150	67.468933
3151	67.468933
3152	67.468933
3153	67.468933
3154	67.468933
3155	67.468933
3156	67.468933
3157	67.468933
3158	67.468933
3159	67.468933
3160	67.468933
3161	67.468933
3162	67.468933
3163	67.468933
3164	67.468933
3165	67.468933
3166	67.468933
3167	67.468933
3168	67.468933
3169	67.468933
3170	67.468933
3171	67.468933
3172	67.468933
3173	67.468933
3174	67.468933
3175	67.468933
3176	67.468933
3177	67.468933
3178	67.468933
3179	67.468933
3180	67.468933
3181	67.468933
3182	67.468933
3183	67.468933
3184	67.468933
3185	67.468933
3186	67.468933
3187	67.468933
3188	67.468933
3189	67.468933
3190	67.468933
3191	67.468933
3192	67.468933
3193	67.468933
3194	67.468933
3195	67.468933
3196	67.468933
3197	67.468933
3198	67.468933
3199	67.468933
3200	67.468933
3201	67.468933
3202	67.468933
3203	67.468933
3204	67.468933
3205	67.468933
3206	67.468933
3207	67.468933
3208	67.468933
3209	67.468933
3210	67.468933
3211	67.468933
3212	67.468933
3213	67.468933
3214	67.468933
3215	67.468933
3216	67.468933
3217	67.468933
3218	67.468933
3219	67.468933
3220	67.468933
3221	67.468933
3222	67.468933
3223	67.468933
3224	67.468933
3225	67.468933
3226	67.468933
3227	67.468933
3228	67.468933
3229	67.468933
3230	67.468933
3231	67.468933
3232	67.468933
3233	67.468933
3234	67.468933
3235	67.468933
3236	67.468933
3237	67.468933
3238	67.468933
3239	67.468933
3240	67.468933
3241	67.468933
3242	67.468933
3243	67.468933
3244	67.468933
3245	67.468933
3246	67.468933
3247	67.468933
3248	67.468933
3249	67.468933
3250	67.468933
3251	67.468933
3252	67.468933
3253	67.468933
3254	67.468933
3255	67.468933
3256	67.468933
3257	67.468933
3258	67.468933
3259	67.468933
3260	67.468933
3261	67.468933
3262	67.468933
3263	67.468933
3264	67.468933
3265	67.468933
3266	67.468933
3267	67.468933
3268	67.468933
3269	67.468933
3270	67.468933
3271	67.468933
3272	67.468933
3273	67.468933
3274	67.468933
3275	67.468933
3276	67.468933
3277	67.468933
3278	67.468933
3279	67.468933
3280	67.468933
3281	67.468933
3282	67.468933
3283	67.468933
3284	67.468933
3285	67.468933
3286	67.468933
3287	67.468933
3288	67.468933
3289	67.468933
3290	67.468933
3291	67.468933
3292	67.468933
3293	67.468933
3294	67.468933
3295	67.468933
3296	67.468933
3297	67.468933
3298	67.468933
3299	67.468933
3300	67.468933
3301	67.468933
3302	67.468933
3303	67.468933
3304	67.468933
3305	67.468933
3306	67.468933
3307	67.468933
3308	67.468933
3309	67.468933
3310	67.468933
3311	67.468933
3312	67.468933
3313	67.468933
3314	67.468933
3315	67.468933
3316	67.468933
3317	67.468933
3318	67.468933
3319	67.468933
3320	67.468933
3321	67.468933
3322	67.468933
3323	67.468933
3324	67.468933
3325	67.468933
3326	67.468933
3327	67.468933
3328	67.468933
3329	67.468933
3330	67.468933
3331	67.468933
3332	67.468933
3333	67.468933
3334	67.468933
3335	67.468933
3336	67.468933
3337	67.468933
3338	67.468933
3339	67.468933
3340	67.468933
3341	67.468933
3342	67.468933
3343	67.468933
3344	67.468933
3345	67.468933
3346	67.468933
3347	67.468933
3348	67.468933
3349	67.468933
3350	67.468933
3351	67.468933
3352	67.468933
3353	67.468933
3354	67.468933
3355	67.468933
3356	67.468933
3357	67.468933
3358	67.468933
3359	67.468933
3360	67.468933
3361	67.468933
3362	67.468933
3363	67.468933
3364	67.468933
3365	67.468933
3366	67.468933
3367	67.468933
3368	67.468933
3369	67.468933
3370	67.468933
3371	67.468933
3372	67.468933
3373	67.468933
3374	67.468933
3375	67.468933
3376	67.468933
3377	67.468933
3378	67.468933
3379	67.468933
3380	67.468933
3381	67.468933
3382	67.468933
3383	67.468933
3384	67.468933
3385	67.468933
3386	67.468933
3387	67.468933
3388	67.468933
3389	67.468933
3390	67.468933
3391	67.468933
3392	67.468933
3393	67.468933
3394	67.468933
3395	67.468933
3396	67.468933
3397	67.468933
3398	67.468933
3399	67.468933
3400	67.468933
3401	67.468933
3402	67.468933
3403	67.468933
3404	67.468933
3405	67.468933
3406	67.468933
3407	67.468933
3408	67.468933
3409	67.468933
3410	67.468933
3411	67.468933
3412	67.468933
3413	67.468933
3414	67.468933
3415	67.468933
3416	67.468933
3417	67.468933
3418	67.468933
3419	67.468933
3420	67.468933
3421	67.468933
3422	67.468933
3423	67.468933
3424	67.468933
3425	67.468933
3426	67.468933
3427	67.468933
3428	67.468933
3429	67.468933
3430	67.468933
3431	67.468933
3432	67.468933
3433	67.468933
3434	67.468933
3435	67.468933
3436	67.468933
3437	67.468933
3438	67.468933
3439	67.468933
3440	67.468933
3441	67.468933
3442	67.468933
3443	67.468933
3444	67.468933
3445	67.468933
3446	67.468933
3447	67.468933
3448	67.468933
3449	67.468933
3450	67.468933
3451	67.468933
3452	67.468933
3453	67.468933
3454	67.468933
3455	67.468933
3456	67.468933
3457	67.468933
3458	67.468933
3459	67.468933
3460	67.468933
3461	67.468933
3462	67.468933
3463	67.468933
3464	67.468933
3465	67.468933
3466	67.468933
3467	67.468933
3468	67.468933
3469	67.468933
3470	67.468933
3471	67.468933
3472	67.468933
3473	67.468933
3474	67.468933
3475	67.468933
3476	67.468933
3477	67.468933
3478	67.468933
3479	67.468933
3480	67.468933
3481	67.468933
3482	67.468933
3483	67.468933
3484	67.468933
3485	67.468933
3486	67.468933
3487	67.468933
3488	67.468933
3489	67.468933
3490	67.468933
3491	67.468933
3492	67.468933
3493	67.468933
3494	67.468933
3495	67.468933
3496	67.468933
3497	67.468933
3498	67.468933
3499	67.468933
3500	67.468933
3501	67.468933
3502	67.468933
3503	67.468933
3504	67.468933
3505	67.468933
3506	67.468933
3507	67.468933
3508	67.468933
3509	67.468933
3510	67.468933
3511	67.468933
3512	67.468933
3513	67.468933
3514	67.468933
3515	67.468933
3516	67.468933
3517	67.468933
3518	67.468933
3519	67.468933
3520	67.468933
3521	67.468933
3522	67.468933
3523	67.468933
3524	67.468933
3525	67.468933
3526	67.468933
3527	67.468933
3528	67.468933
3529	67.468933
3530	67.468933
3531	67.468933
3532	67.468933
3533	67.468933
3534	67.468933
3535	67.468933
3536	67.468933
3537	67.468933
3538	67.468933
3539	67.468933
3540	67.468933
3541	67.468933
3542	67.468933
3543	67.468933
3544	67.468933
3545	67.468933
3546	67.468933
3547	67.468933
3548	67.468933
3549	67.468933
3550	67.468933
3551	67.468933
3552	67.468933
3553	67.468933
3554	67.468933
3555	67.468933
3556	67.468933
3557	67.468933
3558	67.468933
3559	67.468933
3560	67.468933
3561	67.468933
3562	67.468933
3563	67.468933
3564	67.468933
3565	67.468933
3566	67.468933
3567	67.468933
3568	67.468933
3569	67.468933
3570	67.468933
3571	67.468933
3572	67.468933
3573	67.468933
3574	67.468933
3575	67.468933
3576	67.468933
3577	67.468933
3578	67.468933
3579	67.468933
3580	67.468933
3581	67.468933
3582	67.468933
3583	67.468933
3584	67.468933
3585	67.468933
3586	67.468933
3587	67.468933
3588	67.468933
3589	67.468933
3590	67.468933
3591	67.468933
3592	67.468933
3593	67.468933
3594	67.468933
3595	67.468933
3596	67.468933
3597	67.468933
3598	67.468933
3599	67.468933
3600	67.468933
3601	67.468933
3602	67.468933
3603	67.468933
3604	67.468933
3605	67.468933
3606	67.468933
3607	67.468933
3608	67.468933
3609	67.468933
3610	67.468933
3611	67.468933
3612	67.468933
3613	67.468933
3614	67.468933
3615	67.468933
3616	67.468933
3617	67.468933
3618	67.468933
3619	67.468933
3620	67.468933
3621	67.468933
3622	67.468933
3623	67.468933
3624	67.468933
3625	67.468933
3626	67.468933
3627	67.468933
3628	67.468933
3629	67.468933
3630	67.468933
3631	67.468933
3632	67.468933
3633	67.468933
3634	67.468933
3635	67.468933
3636	67.468933
3637	67.468933
3638	67.468933
3639	67.468933
3640	67.468933
3641	67.468933
3642	67.468933
3643	67.468933
3644	67.468933
3645	67.468933
3646	67.468933
3647	67.468933
3648	67.468933
3649	67.468933
3650	67.468933
3651	67.468933
3652	67.468933
3653	67.468933
3654	67.468933
3655	67.468933
3656	67.468933
3657	67.468933
3658	67.468933
3659	67.468933
3660	67.468933
3661	67.468933
3662	67.468933
3663	67.468933
3664	67.468933
3665	67.468933
3666	67.468933
3667	67.468933
3668	67.468933
3669	67.468933
3670	67.468933
3671	67.468933
3672	67.468933
3673	67.468933
3674	67.468933
3675	67.468933
3676	67.468933
3677	67.468933
3678	67.468933
3679	67.468933
3680	67.468933
3681	67.468933
3682	67.468933
3683	67.468933
3684	67.468933
3685	67.468933
3686	67.468933
3687	67.468933
3688	67.468933
3689	67.468933
3690	67.468933
3691	67.468933
3692	67.468933
3693	67.468933
3694	67.468933
3695	67.468933
3696	67.468933
3697	67.468933
3698	67.468933
3699	67.468933
3700	67.468933
3701	67.468933
3702	67.468933
3703	67.468933
3704	67.468933
3705	67.468933
3706	67.468933
3707	67.468933
3708	67.468933
3709	67.468933
3710	67.468933
3711	67.468933
3712	67.468933
3713	67.468933
3714	67.468933
3715	67.468933
3716	67.468933
3717	67.468933
3718	67.468933
3719	67.468933
3720	67.468933
3721	67.468933
3722	67.468933
3723	67.468933
3724	67.468933
3725	67.468933
3726	67.468933
3727	67.468933
3728	67.468933
3729	67.468933
3730	67.468933
3731	67.468933
3732	67.468933
3733	67.468933
3734	67.468933
3735	67.468933
3736	67.468933
3737	67.468933
3738	67.468933
3739	67.468933
3740	67.468933
3741	67.468933
3742	67.468933
3743	67.468933
3744	67.468933
3745	67.468933
3746	67.468933
3747	67.468933
3748	67.468933
3749	67.468933
3750	67.468933
3751	67.468933
3752	67.468933
3753	67.468933
3754	67.468933
3755	67.468933
3756	67.468933
3757	67.468933
3758	67.468933
3759	67.468933
3760	67.468933
3761	67.468933
3762	67.468933
3763	67.468933
3764	67.468933
3765	67.468933
3766	67.468933
3767	67.468933
3768	67.468933
3769	67.468933
3770	67.468933
3771	67.468933
3772	67.468933
3773	67.468933
3774	67.468933
3775	67.468933
3776	67.468933
3777	67.468933
3778	67.468933
3779	67.468933
3780	67.468933
3781	67.468933
3782	67.468933
3783	67.468933
3784	67.468933
3785	67.468933
3786	67.468933
3787	67.468933
3788	67.468933
3789	67.468933
3790	67.468933
3791	67.468933
3792	67.468933
3793	67.468933
3794	67.468933
3795	67.468933
3796	67.468933
3797	67.468933
3798	67.468933
3799	67.468933
3800	67.468933
3801	67.468933
3802	67.468933
3803	67.468933
3804	67.468933
3805	67.468933
3806	67.468933
3807	67.468933
3808	67.468933
3809	67.468933
3810	67.468933
3811	67.468933
3812	67.468933
3813	67.468933
3814	67.468933
3815	67.468933
3816	67.468933
3817	67.468933
3818	67.468933
3819	67.468933
3820	67.468933
3821	67.468933
3822	67.468933
3823	67.468933
3824	67.468933
3825	67.468933
3826	67.468933
3827	67.468933
3828	67.468933
3829	67.468933
3830	67.468933
3831	67.468933
3832	67.468933
3833	67.468933
3834	67.468933
3835	67.468933
3836	67.468933
3837	67.468933
3838	67.468933
3839	67.468933
3840	67.468933
3841	67.468933
3842	67.468933
3843	67.468933
3844	67.468933
3845	67.468933
3846	67.468933
3847	67.468933
3848	67.468933
3849	67.468933
3850	67.468933
3851	67.468933
3852	67.468933
3853	67.468933
3854	67.468933
3855	67.468933
3856	67.468933
3857	67.468933
3858	67.468933
3859	67.468933
3860	67.468933
3861	67.468933
3862	67.468933
3863	67.468933
3864	67.468933
3865	67.468933
3866	67.468933
3867	67.468933
3868	67.468933
3869	67.468933
3870	67.468933
3871	67.468933
3872	67.468933
3873	67.468933
3874	67.468933
3875	67.468933
3876	67.468933
3877	67.468933
3878	67.468933
3879	67.468933
3880	67.468933
3881	67.468933
3882	67.468933
3883	67.468933
3884	67.468933
3885	67.468933
3886	67.468933
3887	67.468933
3888	67.468933
3889	67.468933
3890	67.468933
3891	67.468933
3892	67.468933
3893	67.468933
3894	67.468933
3895	67.468933
3896	67.468933
3897	67.468933
3898	67.468933
3899	67.468933
3900	67.468933
3901	67.468933
3902	67.468933
3903	67.468933
3904	67.468933
3905	67.468933
3906	67.468933
3907	67.468933
3908	67.468933
3909	67.468933
3910	67.468933
3911	67.468933
3912	67.468933
3913	67.468933
3914	67.468933
3915	67.468933
3916	67.468933
3917	67.468933
3918	67.468933
3919	67.468933
3920	67.468933
3921	67.468933
3922	67.468933
3923	67.468933
3924	67.468933
3925	67.468933
3926	67.468933
3927	67.468933
3928	67.468933
3929	67.468933
3930	67.468933
3931	67.468933
3932	67.468933
3933	67.468933
3934	67.468933
3935	67.468933
3936	67.468933
3937	67.468933
3938	67.468933
3939	67.468933
3940	67.468933
3941	67.468933
3942	67.468933
3943	67.468933
3944	67.468933
3945	67.468933
3946	67.468933
3947	67.468933
3948	67.468933
3949	67.468933
3950	67.468933
3951	67.468933
3952	67.468933
3953	67.468933
3954	67.468933
3955	67.468933
3956	67.468933
3957	67.468933
3958	67.468933
3959	67.468933
3960	67.468933
3961	67.468933
3962	67.468933
3963	67.468933
3964	67.468933
3965	67.468933
3966	67.468933
3967	67.468933
3968	67.468933
3969	67.468933
3970	67.468933
3971	67.468933
3972	67.468933
3973	67.468933
3974	67.468933
3975	67.468933
3976	67.468933
3977	67.468933
3978	67.468933
3979	67.468933
3980	67.468933
3981	67.468933
3982	67.468933
3983	67.468933
3984	67.468933
3985	67.468933
3986	67.468933
3987	67.468933
3988	67.468933
3989	67.468933
3990	67.468933
3991	67.468933
3992	67.468933
3993	67.468933
3994	67.468933
3995	67.468933
3996	67.468933
3997	67.468933
3998	67.468933
3999	67.468933
4000	67.468933
4001	67.468933
4002	67.468933
4003	67.468933
4004	67.468933
4005	67.468933
4006	67.468933
4007	67.468933
4008	67.468933
4009	67.468933
4010	67.468933
4011	67.468933
4012	67.468933
4013	67.468933
4014	67.468933
4015	67.468933
4016	67.468933
4017	67.468933
4018	67.468933
4019	67.468933
4020	67.468933
4021	67.468933
4022	67.468933
4023	67.468933
4024	67.468933
4025	67.468933
4026	67.468933
4027	67.468933
4028	67.468933
4029	67.468933
4030	67.468933
4031	67.468933
4032	67.468933
4033	67.468933
4034	67.468933
4035	67.468933
4036	67.468933
4037	67.468933
4038	67.468933
4039	67.468933
4040	67.468933
4041	67.468933
4042	67.468933
4043	67.468933
4044	67.468933
4045	67.468933
4046	67.468933
4047	67.468933
4048	67.468933
4049	67.468933
4050	67.468933
4051	67.468933
4052	67.468933
4053	67.468933
4054	67.468933
4055	67.468933
4056	67.468933
4057	67.468933
4058	67.468933
4059	67.468933
4060	67.468933
4061	67.468933
4062	67.468933
4063	67.468933
4064	67.468933
4065	67.468933
4066	67.468933
4067	67.468933
4068	67.468933
4069	67.468933
4070	67.468933
4071	67.468933
4072	67.468933
4073	67.468933
4074	67.468933
4075	67.468933
4076	67.468933
4077	67.468933
4078	67.468933
4079	67.468933
4080	67.468933
4081	67.468933
4082	67.468933
4083	67.468933
4084	67.468933
4085	67.468933
4086	67.468933
4087	67.468933
4088	67.468933
4089	67.468933
4090	67.468933
4091	67.468933
4092	67.468933
4093	67.468933
4094	67.468933
4095	67.468933
4096	67.468933
4097	67.468933
4098	67.468933
4099	67.468933
4100	67.468933
4101	67.468933
4102	67.468933
4103	67.468933
4104	67.468933
4105	67.468933
4106	67.468933
4107	67.468933
4108	67.468933
4109	67.468933
4110	67.468933
4111	67.468933
4112	67.468933
4113	67.468933
4114	67.468933
4115	67.468933
4116	67.468933
4117	67.468933
4118	67.468933
4119	67.468933
4120	67.468933
4121	67.468933
4122	67.468933
4123	67.468933
4124	67.468933
4125	67.468933
4126	67.468933
4127	67.468933
4128	67.468933
4129	67.468933
4130	67.468933
4131	67.468933
4132	67.468933
4133	67.468933
4134	67.468933
4135	67.468933
4136	67.468933
4137	67.468933
4138	67.468933
4139	67.468933
4140	67.468933
4141	67.468933
4142	67.468933
4143	67.468933
4144	67.468933
4145	67.468933
4146	67.468933
4147	67.468933
4148	67.468933
4149	67.468933
4150	67.468933
4151	67.468933
4152	67.468933
4153	67.468933
4154	67.468933
4155	67.468933
4156	67.468933
4157	67.468933
4158	67.468933
4159	67.468933
4160	67.468933
4161	67.468933
4162	67.468933
4163	67.468933
4164	67.468933
4165	67.468933
4166	67.468933
4167	67.468933
4168	67.468933
4169	67.468933
4170	67.468933
4171	67.468933
4172	67.468933
4173	67.468933
4174	67.468933
4175	67.468933
4176	67.468933
4177	67.468933
4178	67.468933
4179	67.468933
4180	67.468933
4181	67.468933
4182	67.468933
4183	67.468933
4184	67.468933
4185	67.468933
4186	67.468933
4187	67.468933
4188	67.468933
4189	67.468933
4190	67.468933
4191	67.468933
4192	67.468933
4193	67.468933
4194	67.468933
4195	67.468933
4196	67.468933
4197	67.468933
4198	67.468933
4199	67.468933
4200	67.468933
4201	67.468933
4202	67.468933
4203	67.468933
4204	67.468933
4205	67.468933
4206	67.468933
4207	67.468933
4208	67.468933
4209	67.468933
4210	67.468933
4211	67.468933
4212	67.468933
4213	67.468933
4214	67.468933
4215	67.468933
4216	67.468933
4217	67.468933
4218	67.468933
4219	67.468933
4220	67.468933
4221	67.468933
4222	67.468933
4223	67.468933
4224	67.468933
4225	67.468933
4226	67.468933
4227	67.468933
4228	67.468933
4229	67.468933
4230	67.468933
4231	67.468933
4232	67.468933
4233	67.468933
4234	67.468933
4235	67.468933
4236	67.468933
4237	67.468933
4238	67.468933
4239	67.468933
4240	67.468933
4241	67.468933
4242	67.468933
4243	67.468933
4244	67.468933
4245	67.468933
4246	67.468933
4247	67.468933
4248	67.468933
4249	67.468933
4250	67.468933
4251	67.468933
4252	67.468933
4253	67.468933
4254	67.468933
4255	67.468933
4256	67.468933
4257	67.468933
4258	67.468933
4259	67.468933
4260	67.468933
4261	67.468933
4262	67.468933
4263	67.468933
4264	67.468933
4265	67.468933
4266	67.468933
4267	67.468933
4268	67.468933
4269	67.468933
4270	67.468933
4271	67.468933
4272	67.468933
4273	67.468933
4274	67.468933
4275	67.468933
4276	67.468933
4277	67.468933
4278	67.468933
4279	67.468933
4280	67.468933
4281	67.468933
4282	67.468933
4283	67.468933
4284	67.468933
4285	67.468933
4286	67.468933
4287	67.468933
4288	67.468933
4289	67.468933
4290	67.468933
4291	67.468933
4292	67.468933
4293	67.468933
4294	67.468933
4295	67.468933
4296	67.468933
4297	67.468933
4298	67.468933
4299	67.468933
4300	67.468933
4301	67.468933
4302	67.468933
4303	67.468933
4304	67.468933
4305	67.468933
4306	67.468933
4307	67.468933
4308	67.468933
4309	67.468933
4310	67.468933
4311	67.468933
4312	67.468933
4313	67.468933
4314	67.468933
4315	67.468933
4316	67.468933
4317	67.468933
4318	67.468933
4319	67.468933
4320	67.468933
4321	67.468933
4322	67.468933
4323	67.468933
4324	67.468933
4325	67.468933
4326	67.468933
4327	67.468933
4328	67.468933
4329	67.468933
4330	67.468933
4331	67.468933
4332	67.468933
4333	67.468933
4334	67.468933
4335	67.468933
4336	67.468933
4337	67.468933
4338	67.468933
4339	67.468933
4340	67.468933
4341	67.468933
4342	67.468933
4343	67.468933
4344	67.468933
4345	67.468933
4346	67.468933
4347	67.468933
4348	67.468933
4349	67.468933
4350	67.468933
4351	67.468933
4352	67.468933
4353	67.468933
4354	67.468933
4355	67.468933
4356	67.468933
4357	67.468933
4358	67.468933
4359	67.468933
4360	67.468933
4361	67.468933
4362	67.468933
4363	67.468933
4364	67.468933
4365	67.468933
4366	67.468933
4367	67.468933
4368	67.468933
4369	67.468933
4370	67.468933
4371	67.468933
4372	67.468933
4373	67.468933
4374	67.468933
4375	67.468933
4376	67.468933
4377	67.468933
4378	67.468933
4379	67.468933
4380	67.468933
4381	67.468933
4382	67.468933
4383	67.468933
4384	67.468933
4385	67.468933
4386	67.468933
4387	67.468933
4388	67.468933
4389	67.468933
4390	67.468933
4391	67.468933
4392	67.468933
4393	67.468933
4394	67.468933
4395	67.468933
4396	67.468933
4397	67.468933
4398	67.468933
4399	67.468933
4400	67.468933
4401	67.468933
4402	67.468933
4403	67.468933
4404	67.468933
4405	67.468933
4406	67.468933
4407	67.468933
4408	67.468933
4409	67.468933
4410	67.468933
4411	67.468933
4412	67.468933
4413	67.468933
4414	67.468933
4415	67.468933
4416	67.468933
4417	67.468933
4418	67.468933
4419	67.468933
4420	67.468933
4421	67.468933
4422	67.468933
4423	67.468933
4424	67.468933
4425	67.468933
4426	67.468933
4427	67.468933
4428	67.468933
4429	67.468933
4430	67.468933
4431	67.468933
4432	67.468933
4433	67.468933
4434	67.468933
4435	67.468933
4436	67.468933
4437	67.468933
4438	67.468933
4439	67.468933
4440	67.468933
4441	67.468933
4442	67.468933
4443	67.468933
4444	67.468933
4445	67.468933
4446	67.468933
4447	67.468933
4448	67.468933
4449	67.468933
4450	67.468933
4451	67.468933
4452	67.468933
4453	67.468933
4454	67.468933
4455	67.468933
4456	67.468933
4457	67.468933
4458	67.468933
4459	67.468933
4460	67.468933
4461	67.468933
4462	67.468933
4463	67.468933
4464	67.468933
4465	67.468933
4466	67.468933
4467	67.468933
4468	67.468933
4469	67.468933
4470	67.468933
4471	67.468933
4472	67.468933
4473	67.468933
4474	67.468933
4475	67.468933
4476	67.468933
4477	67.468933
4478	67.468933
4479	67.468933
4480	67.468933
4481	67.468933
4482	67.468933
4483	67.468933
4484	67.468933
4485	67.468933
4486	67.468933
4487	67.468933
4488	67.468933
4489	67.468933
4490	67.468933
4491	67.468933
4492	67.468933
4493	67.468933
4494	67.468933
4495	67.468933
4496	67.468933
4497	67.468933
4498	67.468933
4499	67.468933
4500	67.468933
4501	67.468933
4502	67.468933
4503	67.468933
4504	67.468933
4505	67.468933
4506	67.468933
4507	67.468933
4508	67.468933
4509	67.468933
4510	67.468933
4511	67.468933
4512	67.468933
4513	67.468933
4514	67.468933
4515	67.468933
4516	67.468933
4517	67.468933
4518	67.468933
4519	67.468933
4520	67.468933
4521	67.468933
4522	67.468933
4523	67.468933
4524	67.468933
4525	67.468933
4526	67.468933
4527	67.468933
4528	67.468933
4529	67.468933
4530	67.468933
4531	67.468933
4532	67.468933
4533	67.468933
4534	67.468933
4535	67.468933
4536	67.468933
4537	67.468933
4538	67.468933
4539	67.468933
4540	67.468933
4541	67.468933
4542	67.468933
4543	67.468933
4544	67.468933
4545	67.468933
4546	67.468933
4547	67.468933
4548	67.468933
4549	67.468933
4550	67.468933
4551	67.468933
4552	67.468933
4553	67.468933
4554	67.468933
4555	67.468933
4556	67.468933
4557	67.468933
4558	67.468933
4559	67.468933
4560	67.468933
4561	67.468933
4562	67.468933
4563	67.468933
4564	67.468933
4565	67.468933
4566	67.468933
4567	67.468933
4568	67.468933
4569	67.468933
4570	67.468933
4571	67.468933
4572	67.468933
4573	67.468933
4574	67.468933
4575	67.468933
4576	67.468933
4577	67.468933
4578	67.468933
4579	67.468933
4580	67.468933
4581	67.468933
4582	67.468933
4583	67.468933
4584	67.468933
4585	67.468933
4586	67.468933
4587	67.468933
4588	67.468933
4589	67.468933
4590	67.468933
4591	67.468933
4592	67.468933
4593	67.468933
4594	67.468933
4595	67.468933
4596	67.468933
4597	67.468933
4598	67.468933
4599	67.468933
4600	67.468933
4601	67.468933
4602	67.468933
4603	67.468933
4604	67.468933
4605	67.468933
4606	67.468933
4607	67.468933
4608	67.468933
4609	67.468933
4610	67.468933
4611	67.468933
4612	67.468933
4613	67.468933
4614	67.468933
4615	67.468933
4616	67.468933
4617	67.468933
4618	67.468933
4619	67.468933
4620	67.468933
4621	67.468933
4622	67.468933
4623	67.468933
4624	67.468933
4625	67.468933
4626	67.468933
4627	67.468933
4628	67.468933
4629	67.468933
4630	67.468933
4631	67.468933
4632	67.468933
4633	67.468933
4634	67.468933
4635	67.468933
4636	67.468933
4637	67.468933
4638	67.468933
4639	67.468933
4640	67.468933
4641	67.468933
4642	67.468933
4643	67.468933
4644	67.468933
4645	67.468933
4646	67.468933
4647	67.468933
4648	67.468933
4649	67.468933
4650	67.468933
4651	67.468933
4652	67.468933
4653	67.468933
4654	67.468933
4655	67.468933
4656	67.468933
4657	67.468933
4658	67.468933
4659	67.468933
4660	67.468933
4661	67.468933
4662	67.468933
4663	67.468933
4664	67.468933
4665	67.468933
4666	67.468933
4667	67.468933
4668	67.468933
4669	67.468933
4670	67.468933
4671	67.468933
4672	67.468933
4673	67.468933
4674	67.468933
4675	67.468933
4676	67.468933
4677	67.468933
4678	67.468933
4679	67.468933
4680	67.468933
4681	67.468933
4682	67.468933
4683	67.468933
4684	67.468933
4685	67.468933
4686	67.468933
4687	67.468933
4688	67.468933
4689	67.468933
4690	67.468933
4691	67.468933
4692	67.468933
4693	67.468933
4694	67.468933
4695	67.468933
4696	67.468933
4697	67.468933
4698	67.468933
4699	67.468933
4700	67.468933
4701	67.468933
4702	67.468933
4703	67.468933
4704	67.468933
4705	67.468933
4706	67.468933
4707	67.468933
4708	67.468933
4709	67.468933
4710	67.468933
4711	67.468933
4712	67.468933
4713	67.468933
4714	67.468933
4715	67.468933
4716	67.468933
4717	67.468933
4718	67.468933
4719	67.468933
4720	67.468933
4721	67.468933
4722	67.468933
4723	67.468933
4724	67.468933
4725	67.468933
4726	67.468933
4727	67.468933
4728	67.468933
4729	67.468933
4730	67.468933
4731	67.468933
4732	67.468933
4733	67.468933
4734	67.468933
4735	67.468933
4736	67.468933
4737	67.468933
4738	67.468933
4739	67.468933
4740	67.468933
4741	67.468933
4742	67.468933
4743	67.468933
4744	67.468933
4745	67.468933
4746	67.468933
4747	67.468933
4748	67.468933
4749	67.468933
4750	67.468933
4751	67.468933
4752	67.468933
4753	67.468933
4754	67.468933
4755	67.468933
4756	67.468933
4757	67.468933
4758	67.468933
4759	67.468933
4760	67.468933
4761	67.468933
4762	67.468933
4763	67.468933
4764	67.468933
4765	67.468933
4766	67.468933
4767	67.468933
4768	67.468933
4769	67.468933
4770	67.468933
4771	67.468933
4772	67.468933
4773	67.468933
4774	67.468933
4775	67.468933
4776	67.468933
4777	67.468933
4778	67.468933
4779	67.468933
4780	67.468933
4781	67.468933
4782	67.468933
4783	67.468933
4784	67.468933
4785	67.468933
4786	67.468933
4787	67.468933
4788	67.468933
4789	67.468933
4790	67.468933
4791	67.468933
4792	67.468933
4793	67.468933
4794	67.468933
4795	67.468933
4796	67.468933
4797	67.468933
4798	67.468933
4799	67.468933
4800	67.468933
4801	67.468933
4802	67.468933
4803	67.468933
4804	67.468933
4805	67.468933
4806	67.468933
4807	67.468933
4808	67.468933
4809	67.468933
4810	67.468933
4811	67.468933
4812	67.468933
4813	67.468933
4814	67.468933
4815	67.468933
4816	67.468933
4817	67.468933
4818	67.468933
4819	67.468933
4820	67.468933
4821	67.468933
4822	67.468933
4823	67.468933
4824	67.468933
4825	67.468933
4826	67.468933
4827	67.468933
4828	67.468933
4829	67.468933
4830	67.468933
4831	67.468933
4832	67.468933
4833	67.468933
4834	67.468933
4835	67.468933
4836	67.468933
4837	67.468933
4838	67.468933
4839	67.468933
4840	67.468933
4841	67.468933
4842	67.468933
4843	67.468933
4844	67.468933
4845	67.468933
4846	67.468933
4847	67.468933
4848	67.468933
4849	67.468933
4850	67.468933
4851	67.468933
4852	67.468933
4853	67.468933
4854	67.468933
4855	67.468933
4856	67.468933
4857	67.468933
4858	67.468933
4859	67.468933
4860	67.468933
4861	67.468933
4862	67.468933
4863	67.468933
4864	67.468933
4865	67.468933
4866	67.468933
4867	67.468933
4868	67.468933
4869	67.468933
4870	67.468933
4871	67.468933
4872	67.468933
4873	67.468933
4874	67.468933
4875	67.468933
4876	67.468933
4877	67.468933
4878	67.468933
4879	67.468933
4880	67.468933
4881	67.468933
4882	67.468933
4883	67.468933
4884	67.468933
4885	67.468933
4886	67.468933
4887	67.468933
4888	67.468933
4889	67.468933
4890	67.468933
4891	67.468933
4892	67.468933
4893	67.468933
4894	67.468933
4895	67.468933
4896	67.468933
4897	67.468933
4898	67.468933
4899	67.468933
4900	67.468933
4901	67.468933
4902	67.468933
4903	67.468933
4904	67.468933
4905	67.468933
4906	67.468933
4907	67.468933
4908	67.468933
4909	67.468933
4910	67.468933
4911	67.468933
4912	67.468933
4913	67.468933
4914	67.468933
4915	67.468933
4916	67.468933
4917	67.468933
4918	67.468933
4919	67.468933
4920	67.468933
4921	67.468933
4922	67.468933
4923	67.468933
4924	67.468933
4925	67.468933
4926	67.468933
4927	67.468933
4928	67.468933
4929	67.468933
4930	67.468933
4931	67.468933
4932	67.468933
4933	67.468933
4934	67.468933
4935	67.468933
4936	67.468933
4937	67.468933
4938	67.468933
4939	67.468933
4940	67.468933
4941	67.468933
4942	67.468933
4943	67.468933
4944	67.468933
4945	67.468933
4946	67.468933
4947	67.468933
4948	67.468933
4949	67.468933
4950	67.468933
4951	67.468933
4952	67.468933
4953	67.468933
4954	67.468933
4955	67.468933
4956	67.468933
4957	67.468933
4958	67.468933
4959	67.468933
4960	67.468933
4961	67.468933
4962	67.468933
4963	67.468933
4964	67.468933
4965	67.468933
4966	67.468933
4967	67.468933
4968	67.468933
4969	67.468933
4970	67.468933
4971	67.468933
4972	67.468933
4973	67.468933
4974	67.468933
4975	67.468933
4976	67.468933
4977	67.468933
4978	67.468933
4979	67.468933
4980	67.468933
4981	67.468933
4982	67.468933
4983	67.468933
4984	67.468933
4985	67.468933
4986	67.468933
4987	67.468933
4988	67.468933
4989	67.468933
4990	67.468933
4991	67.468933
4992	67.468933
4993	67.468933
4994	67.468933
4995	67.468933
4996	67.468933
4997	67.468933
4998	67.468933
4999	67.468933
